run,villages-point-mean,population-point-var,population-stability-mean-5-mean,population-stability-var-5-var,population-stability-mean-10-mean,population-stability-var-10-var,population-stability-mean-100-mean,population-stability-var-100-var,population-trend-5-mean,population-trend-10-var,population-trend-100-mean,matrilocal-point-var,matrilocal-stability-mean-5-mean,matrilocal-stability-var-5-var,matrilocal-stability-mean-10-mean,matrilocal-stability-var-10-var,matrilocal-stability-mean-100-mean,matrilocal-stability-var-100-var,population-point-mean,population-stability-var-5-mean,population-stability-var-10-mean,population-stability-var-100-mean,population-trend-10-mean,matrilocal-point-mean,matrilocal-stability-var-5-mean,matrilocal-stability-var-10-mean,matrilocal-stability-var-100-mean,villages-point-var,population-stability-mean-5-var,population-stability-mean-10-var,population-stability-mean-100-var,population-trend-5-var,population-trend-100-var,matrilocal-stability-mean-5-var,matrilocal-stability-mean-10-var,matrilocal-stability-mean-100-var
3441,50,21846.3853061225,12829.468,289309787.592086,13296.968,1064890600.47636,13219.8054,3574371930.75789,0.906441429307846,3.61033873402561e-05,1.10601636989637,0,0.17704,1.18597289795918e-06,0.08852,2.89025943058705e-07,0.008852,1.53347292218828e-08,12195.32,253827.066,356723.614666667,440353.368284849,0.886303150445917,0.2,0.0017816,0.00952435555555556,0.00158033050505051,0,24052.2818122449,23731.5446693878,5883.51196820409,8.02605293726037e-06,0.00017570576906112,9.58759183673469e-05,2.39689795918367e-05,2.39689795918367e-07
3442,50,11666.2240816327,16220.62,413656351.811004,16683.802,1762596499.83112,16222.6374,10268698378.3762,0.923407429708132,3.80462069987498e-05,1.3290072830136,0,0.1604,1.64622432653061e-06,0.0802,5.38496620811288e-07,0.00802,2.02113170386196e-08,15545.98,260234.804,355698.847777778,1699886.03829293,0.906830110434264,0.2,0.0027496,0.00840257777777778,0.00135136888888889,0,12086.7106122449,12816.2814244898,6124.59715432651,7.75893188584127e-06,8.34326172619311e-05,0.000124244897959184,3.10612244897959e-05,3.10612244897959e-07
3443,50,19483.6983673469,18975.236,417851514.385208,19415.69,1789704528.34157,18838.9834,20371264603.0191,0.940633277618073,3.22850520689255e-05,1.48640068962529,0.000121469387755102,0.13888,1.62195330612245e-06,0.06944,1.02513184378937e-06,0.006944,3.30278946090049e-08,18375.34,209816.436,310575.074444445,3082435.34664849,0.925263492948918,0.1936,0.0030976,0.00679591111111111,0.00106119919191919,0,20730.1382693878,20502.8968367347,5921.09300248978,7.06289247693414e-06,0.000144024093233038,0.000225985306122449,5.64963265306123e-05,5.64963265306123e-07
3444,50,16285.807755102,21337.292,535886284.247106,21763.058,2029510362.15437,21133.8786,19336627799.6449,0.950131257557439,3.36565752833249e-05,1.59619661072049,0.000326530612244898,0.12472,1.83147363265306e-06,0.06236,1.64435092768959e-06,0.006236,4.49481604091211e-08,20779.78,185590.206,286089.055333333,4304247.4216101,0.936432173420325,0.18,0.0029328,0.00570728888888889,0.000879157171717172,0,17167.5938122449,16554.8416693878,4211.6270082041,8.44764438458468e-06,0.000104754961430339,0.000304777142857143,7.61942857142857e-05,7.61942857142857e-07
3445,50,14516.4934693878,23386.12,263597305.366894,23798.778,1901464722.86714,23111.9808,10099535079.4175,0.956918161517781,3.19509807559681e-05,1.67239059660141,0.000658938775510204,0.10616,1.5200026122449e-06,0.05308,2.0002891287478e-06,0.005308,5.27394717463649e-08,22866.42,165275.862,265188.300666667,5253918.31600808,0.944615434211334,0.1568,0.0024112,0.00432293333333333,0.000659008484848485,0,13476.2612244899,11558.9082816327,2425.35712587754,4.54623353215329e-06,8.27592651523757e-05,0.000443565714285714,0.000110891428571429,1.10891428571429e-06
3446,50,13761.2657142857,25152.476,430165497.327139,25546.182,2034678283.98311,24851.1148,15784530990.6981,0.962445545154323,2.6099938351132e-05,1.72295898078238,0.00113371428571429,0.10392,1.65303444897959e-06,0.05196,2.16017238397581e-06,0.005196,5.56629239521998e-08,24668.14,144184.298,239027.669111111,5963965.89165657,0.95112676419503,0.1536,0.0022232,0.0041256,0.00063176,0,16672.394922449,17769.3251795919,2027.5298785306,6.49824737241708e-06,7.3615713608092e-05,0.000505789387755102,0.000126447346938776,1.26447346938776e-06
3447,50,10693.193877551,26657.788,308767128.916343,27046.592,1491159532.27603,26398.055,18132287306.8002,0.966215952519503,1.61439745829061e-05,1.75148196356957,0.000706122448979592,0.09792,2.19727412244898e-06,0.04896,1.7639753207357e-06,0.004896,4.15481275381729e-08,26201.5,130292.428,227965.888888889,6421205.31439394,0.955048000462563,0.142,0.0021856,0.0037328,0.00056528,0,9998.89046530612,8234.3525877551,2104.96645408162,4.76385193613745e-06,5.84938417318391e-05,0.000359993469387755,8.99983673469388e-05,8.99983673469388e-07
3448,46.68,16802.3281632653,4437.284,87285249.0694735,4740.334,362023500.614234,6442.8058,15152635292.2315,0.879978443622168,0.000212096142824478,0.427670747143835,8.22857142857143e-05,0.20292,3.03187755102041e-09,0.10146,5.67569407911315e-08,0.010146,1.53962545883489e-09,4134.72,47766.754,124214.447333333,1824448.36687879,0.814792615445552,0.2144,5.74e-05,0.0114644222222222,0.00197813111111111,2.58938775510204,15113.2328,15733.710044898,5702.22783302041,0.000141459571091663,0.000178825501879128,3.6261224489796e-06,9.065306122449e-07,9.06530612244901e-09
3449,49.86,14773.2424489796,8640.672,246031735.315118,9128.462,1104131173.86778,9849.2494,1371597635.7907,0.897008069857,5.99225617989188e-05,0.79146791197404,1.8e-05,0.19988,2.56163265306123e-10,0.09994,7.64136507936505e-09,0.009994,2.43183538914189e-10,8192.32,133952.472,324846.663333333,164815.853379798,0.851625211668969,0.1994,3.6e-06,0.0110995777777778,0.00191706888888889,0.163673469387755,16288.8763428572,18124.3873020408,8827.72525881632,3.00412817717196e-05,0.00014295099145617,7.20000000000001e-07,1.8e-07,1.80000000000001e-09
3450,50,25723.9281632653,12505.42,370013010.681861,13117.618,2526074120.14116,13197.9428,2619975825.95837,0.895370690143885,5.11008993994291e-05,1.07574143221526,0,0.198,3.18955102040817e-09,0.099,4.65519858906523e-08,0.0099,1.5325663285504e-09,11864.48,291949.876,547655.605111111,438364.759745455,0.863966750633556,0.2,4.32000000000001e-05,0.0109104888888889,0.00188296808080808,0,27283.5008163265,26266.9749755102,7183.66467363268,1.01737976254e-05,0.000218491822499059,4.73469387755103e-06,1.18367346938776e-06,1.18367346938776e-08
3451,50,14058.0816326531,15772.248,807023465.010204,16444.672,1897435134.57311,16209.6904,15637175380.5443,0.899946254375299,2.16974295059793e-05,1.27989091727881,0,0.1876,5.87183020408163e-07,0.0938,1.45354827916352e-07,0.00938,7.81156461818765e-09,14973.8,438704.9,698414.960888889,1725918.53150303,0.87470478128341,0.2,0.0009392,0.0102047111111111,0.00172847919191919,0,18035.1698938776,16707.4934857143,3666.76812228571,6.33848737718495e-06,0.000106431794836789,4.13061224489796e-05,1.03265306122449e-05,1.03265306122449e-07
3452,50,12265.9057142857,18480.832,1284230736.0479,19174.274,3826642369.20344,18810.6202,12852898028.088,0.905852694792437,2.62172670064823e-05,1.42133330161344,0,0.17936,1.06409534693878e-06,0.08968,1.08209052154195e-07,0.008968,5.77133349674857e-09,17570.18,536887.484,774423.458444445,3094427.57355758,0.884661345727354,0.2,0.0017216,0.00971235555555556,0.00161498505050505,0,13521.4944653061,14140.3329836734,3880.07890812243,8.24178180630193e-06,8.25432133187103e-05,4.07248979591836e-05,1.01812244897959e-05,1.01812244897959e-07
3453,50,8879.11224489796,20813.04,1301092504.40559,21512.054,4483833233.86776,21106.955,15507251389.4927,0.912834263558806,2.17735489711397e-05,1.52249275389129,0,0.17104,1.79038106122449e-06,0.08552,1.89856540186445e-07,0.008552,1.2513938676978e-08,19836.1,571155.218,798587.031333333,4296508.45637778,0.89302006040564,0.2,0.0022584,0.00915697777777778,0.00149953616161616,0,10080.1224489796,10971.1906979592,2792.19179693879,6.78339371908992e-06,5.53289840043728e-05,9.89779591836735e-05,2.47444897959184e-05,2.47444897959184e-07
3454,50,11097.1759183673,22825.004,966812910.940657,23507.954,3507366732.99119,23074.7592,17316405365.5758,0.921023568492473,1.89187883706584e-05,1.59770728082814,0,0.16176,1.65598302040816e-06,0.08088,2.49336969513731e-07,0.008088,1.13972456894653e-08,21840.74,549621.766,764427.894888889,5262370.67275556,0.902633401206455,0.2,0.0029808,0.00861617777777778,0.00137985616161616,0,12714.9950857143,11138.3576367347,2638.59998710206,4.11495929113049e-06,5.78023161933479e-05,8.43493877551021e-05,2.10873469387755e-05,2.10873469387755e-07
3455,50,14766.0391836735,24598.884,1792602982.52007,25258.128,3830716077.83575,24836.9066,15033387483.6481,0.930029683319318,1.45363044108268e-05,1.65194598124892,0,0.15496,2.73157551020408e-06,0.07748,5.24672008062484e-07,0.007748,2.42695172046168e-08,23660.04,495699.144,704736.133777778,5929099.66402222,0.912684860189555,0.2,0.003324,0.00820044444444445,0.00129556767676768,0,18006.4687183673,17894.3706285714,2448.61683106123,6.90395131918734e-06,7.18451938613871e-05,0.000194488163265306,4.86220408163265e-05,4.86220408163265e-07
3456,50,9248.03306122449,26133.76,1185547681.59202,26779.162,3205280035.96431,26378.3,19048277675.2174,0.936270303030333,1.3909209184265e-05,1.68658028396562,0,0.15024,2.13688163265306e-06,0.07512,5.13019098009574e-07,0.007512,2.09764179498552e-08,25235.74,460603.468,669366.991333333,6414018.32324444,0.92028456056605,0.2,0.003368,0.00781155555555556,0.00122679595959596,0,10972.8163265306,10163.856689796,1886.03549795918,4.77713943765996e-06,4.93771262233557e-05,0.000164022857142857,4.10057142857143e-05,4.10057142857143e-07
3457,0.04,0.0391836734693878,0.116,0.906224489795918,0.28,7.94770471151424,346.9888,20628498.8629832,0.00916666666666667,0.000635374149659864,9.92679129989848e-06,0,0,0,0,0,0,0,0.04,0.15,0.6,354827.842820202,0.00466666666666667,0,0,0,0,0.0391836734693878,0.398514285714286,1.36489795918367,516.117431183674,0.00250070861678004,2.41325387108336e-09,0,0,0
3458,7.7,805.182040816327,67.96,1980.82150612245,79.208,20449.4278127488,535.817,135309449.411853,0.748423293006433,0.0148461808438863,0.014619381513013,0,0,0,0,0,0,0,58.96,57.918,218.740888888889,327611.673484849,0.561830110583647,0,0,0,0,9.1530612244898,868.244897959184,996.944832653061,1437.95220510204,0.0121939107325515,4.95579045795607e-05,0,0,0
3459,29.54,4819.89224489796,487.676,5227.22626938776,501.1,46620.1925119678,855.0602,167292842.349734,0.957433457382689,0.00113959815909579,0.118182307367547,0,0,0,0,0,0,0,477.16,89.416,309.133333333333,234324.241642424,0.906886766409659,0,0,0,0,13.7228571428571,4772.68390204082,4732.22653061225,2436.03607138776,0.000448614721425905,0.000295619673586337,0,0,0
3460,42.12,4788.69551020408,1046.696,1290.6888,1049.566,11676.5199105568,1207.8252,54660236.1019652,0.996455083797011,0.000486675798398829,0.258477036596876,0,0,0,0,0,0,0,1044.72,30.824,88.0988888888889,156592.198060606,0.990441770422539,0,0,0,0,3.98530612244898,4662.6126367347,4492.60473877551,1943.87037240816,0.00013724809261753,0.000294016209936998,0,0,0
