run,villages-point-mean,population-point-var,population-stability-mean-5-mean,population-stability-var-5-var,population-stability-mean-10-mean,population-stability-var-10-var,population-stability-mean-100-mean,population-stability-var-100-var,population-trend-5-mean,population-trend-10-var,population-trend-100-mean,matrilocal-point-var,matrilocal-stability-mean-5-mean,matrilocal-stability-var-5-var,matrilocal-stability-mean-10-mean,matrilocal-stability-var-10-var,matrilocal-stability-mean-100-mean,matrilocal-stability-var-100-var,population-point-mean,population-stability-var-5-mean,population-stability-var-10-mean,population-stability-var-100-mean,population-trend-10-mean,matrilocal-point-mean,matrilocal-stability-var-5-mean,matrilocal-stability-var-10-mean,matrilocal-stability-var-100-mean,villages-point-var,population-stability-mean-5-var,population-stability-mean-10-var,population-stability-mean-100-var,population-trend-5-var,population-trend-100-var,matrilocal-stability-mean-5-var,matrilocal-stability-mean-10-var,matrilocal-stability-mean-100-var
421,50,13571.6036734694,23831.212,87004827.0818816,24018.312,320976523.458946,23127.1914,15624208112.8118,0.984210948202774,2.04251415558006e-05,1.73088825262558,0.000783673469387755,0.0608,7.20013714285715e-07,0.0304,9.99602793650794e-07,0.00304,2.37448897944191e-08,23659.78,23613.534,51233.988,5317200.3087899,0.97744382116449,0.096,0.0011016,0.00164035555555556,0.00024327595959596,0,17554.1182204082,16351.899444898,2239.64639187755,9.29859584830558e-06,7.93635241958305e-05,0.000455183673469388,0.000113795918367347,1.13795918367347e-06
422,50,14632.8228571429,25553.976,54329084.8386163,25731.454,442716291.163354,24872.2918,26082631598.4597,0.986469923332404,2.98677319969364e-05,1.77415967177406,0.00120424489795918,0.05784,5.61956571428572e-07,0.02892,1.20427593046107e-06,0.002892,2.99371223637738e-08,25399.56,19772.734,46610.1131111111,5980582.57152525,0.980327748363976,0.0928,0.0011184,0.00160008888888889,0.000235709898989899,0,15216.4451265306,13765.6306979592,2871.89147220408,6.24053680654556e-06,8.7128856894011e-05,0.000638177959183674,0.000159544489795918,1.59544489795918e-06
423,50,9210.33673469388,27074.048,30845142.8862245,27248.552,206195958.68634,26401.6212,20873777921.4863,0.987973441266238,1.40716216498683e-05,1.80092776940148,0.00111412244897959,0.056,5.65391673469388e-07,0.028,1.0057199617032e-06,0.0028,2.37209385924385e-08,26931.7,17326.25,43250.7608888889,6439440.0872,0.982269393905491,0.0904,0.0011104,0.0015232,0.00022272,0,10735.8017306123,10715.5821387755,2227.60794138774,4.11665888802437e-06,4.18269583839314e-05,0.000582530612244898,0.000145632653061224,1.45632653061225e-06
424,48.28,18475.6248979592,4503.492,47832847.9847714,4775.452,217367523.19453,6470.885,17271275786.1936,0.893953469568412,0.000149251975406742,0.440524372441004,0.000142204081632653,0.20008,1.37289795918368e-09,0.10004,8.1534282690854e-08,0.010004,2.48407773067722e-09,4258.74,38184.682,99991.7471111111,1816473.09768687,0.837984292681905,0.2008,2.84e-05,0.0111345333333333,0.00192220484848485,1.34857142857143,18473.2329959184,18809.1258122449,6939.36476020409,7.92943785609552e-05,0.000198561072362158,7.01387755102042e-06,1.75346938775511e-06,1.7534693877551e-08
425,50,20356.9044897959,8876.428,152487116.534139,9233.806,605972398.477755,9841.1572,1142647005.92832,0.904692539675804,6.24950413607967e-05,0.816613846774852,0,0.18312,5.80822204081633e-07,0.09156,1.66431451751071e-07,0.009156,8.06840599505673e-09,8448.44,126065.912,198865.722,141735.648880808,0.880573112021294,0.2,0.0011968,0.0098584,0.00165929454545455,0,22942.117567347,24296.1985346939,8318.30050628573,1.60312813937871e-05,0.000184384062313716,4.32914285714285e-05,1.08228571428571e-05,1.08228571428571e-07
426,50,16354.693877551,13031.364,120790010.9138,13388.154,511130293.511589,13223.9036,3207122535.98936,0.92658717946757,3.25729628843443e-05,1.13473202415333,0,0.1576,1.61165126530612e-06,0.0788,6.95498787603931e-07,0.00788,2.84250114213252e-08,12514.2,154440.274,210950.193111111,415030.109353535,0.910686889371415,0.2,0.0028824,0.00823075555555556,0.00131686141414141,0,16708.2574530613,15392.0617183673,5916.67351738775,6.51630721162949e-06,0.000144561451969293,0.000184816326530612,4.62040816326531e-05,4.62040816326531e-07
427,50,19628.9795918367,16434.956,206005699.978976,16774.994,840703108.946225,16242.6154,12146720739.4955,0.947260636801212,3.3034243640706e-05,1.36603491419151,0.000287510204081633,0.12832,2.17324995918367e-06,0.06416,1.9333683728899e-06,0.006416,5.80739480167996e-08,15979,123370.298,184780.396666667,1697696.35177576,0.933736704185167,0.1868,0.0031848,0.00611128888888889,0.000939775353535354,0,20683.7261877551,20104.8826163265,2930.86247432654,8.45813977327831e-06,0.000159966750835478,0.000447895510204082,0.00011197387755102,1.1197387755102e-06
428,50,15143.6085714286,19252.9,265643339.512229,19577.16,944270164.039584,18836.2818,20804910518.6944,0.958732200604821,3.15940294605769e-05,1.52499666864563,0.000412244897959184,0.1136,1.81015575510204e-06,0.0568,1.7796094452003e-06,0.00568,4.51313005538377e-08,18845.06,102359.296,164013.624,3106082.0294202,0.947165361702689,0.17,0.0030744,0.00504853333333333,0.00076022303030303,0,16428.3808163265,16334.2293877551,5860.40618648978,9.26161245338456e-06,0.000108371822428989,0.000357877551020408,8.94693877551021e-05,8.9469387755102e-07
429,50,18578.2893877551,21548.456,181562819.159249,21867.378,1106699372.59473,21135.0474,20988262938.8922,0.96570880206836,3.19816161131221e-05,1.62633623783943,0.00074465306122449,0.10112,1.25829812244898e-06,0.05056,2.19023460619803e-06,0.005056,5.70450436276182e-08,21175.42,88411.656,154728.516222222,4319573.33447475,0.954000891993082,0.1532,0.0024728,0.00407928888888889,0.000614684444444445,0,21437.7910857143,19327.3821591837,4374.91512575514,5.90953294588317e-06,0.000112594578741885,0.000513985306122449,0.000128496326530612,1.28496326530612e-06
430,50,8863.22448979592,23620.66,194846273.70678,23914.612,698956830.415332,23117.714,15203125849.9034,0.971495002053006,2.1111373703467e-05,1.70322159685362,0.000732897959183673,0.096,2.35463118367347e-06,0.048,1.66101926732174e-06,0.0048,3.80998981684918e-08,23287.2,72906.134,130124.043111111,5263024.33518384,0.962380167067032,0.1476,0.0023512,0.00370648888888889,0.000554713535353535,0,8737.1236734694,8110.75373061223,2245.17874693879,7.14089029670628e-06,5.03220770432716e-05,0.000372897959183674,9.32244897959184e-05,9.32244897959184e-07
431,50,10392.026122449,25353.768,168553016.896494,25638.382,724162140.134689,24858.0846,14620866847.3195,0.975273918331027,1.9201021074739e-05,1.74950063801432,0.0011389387755102,0.092,1.83318791836735e-06,0.046,2.7536648707483e-06,0.0046,6.55580828485223e-08,25047.88,62956.794,119988.326888889,5975283.64590505,0.966308695794386,0.1328,0.0019528,0.00340462222222222,0.000517060202020202,0,13155.3867102041,12357.9733428571,2633.3599967755,5.75182722744995e-06,5.49643299732682e-05,0.000681795918367347,0.000170448979591837,1.70448979591837e-06
432,50,13118.232244898,26862.232,148292019.791122,27149.656,1216432042.88781,26403.5358,16153485726.7099,0.97772757420937,2.88251612763695e-05,1.77649418553641,0.00108097959183673,0.08632,9.71682612244898e-07,0.04316,2.58167115948602e-06,0.004316,6.37236807146293e-08,26576.82,57396.43,120325.016888889,6392673.78150909,0.968747461443584,0.1308,0.0017048,0.00302284444444444,0.00046013494949495,0,13356.1899755102,10278.8351673469,2569.73777995916,5.02738256836899e-06,6.58944395039418e-05,0.00071777306122449,0.000179443265306122,1.79443265306122e-06
433,0.02,0.02,0.028,0.0018,0.062,0.0678672209624591,341.0522,18795520.5322092,0.01,8e-04,4.95785820525533e-06,0,0,0,0,0,0,0,0.02,0.006,0.0455555555555556,355941.764939394,0.004,0,0,0,0,0.02,0.0392,0.11954693877551,343.936923632653,0.005,1.22901789917088e-09,0,0,0
434,6.74,1448.65959183673,59.548,2327.54768979592,70.332,23742.6900994709,524.5152,197641393.268522,0.696240883261769,0.028502406855054,0.0127752136885319,0,0,0,0,0,0,0,51.56,52.392,206.472,329320.570791919,0.502505241013644,0,0,0,0,16.7677551020408,1655.99805714286,1913.72752653061,1959.20478057143,0.0271161052731513,8.90465408523814e-05,0,0,0
435,28.28,7691.83673469388,451.6,5673.34948979592,467.214,51593.4541376165,830.849,315334500.559487,0.945966465431257,0.00168664849898309,0.108790499568089,0,0,0,0,0,0,0,439.6,114.63,394.892666666667,241055.361452525,0.886831629206023,0,0,0,0,18.6138775510204,7768.95510204082,7686.14367755102,3760.10893979592,0.000492824655077297,0.000470814563505189,0,0,0
436,41.6,10273.2391836735,1023.072,4750.43836734694,1029.334,36134.7293587806,1195.1424,148003629.34009,0.990011694976644,0.00065745322094153,0.251649545130368,0,0,0,0,0,0,0,1018.16,58.58,159.772222222222,159296.82869899,0.977930968918526,0,0,0,0,10.9795918367347,10024.8763428571,9826.60351428571,5408.7895002449,0.000218018235263306,0.00063153241498154,0,0,0
437,45.54,6172.89632653061,1491.644,2735.50624081633,1492.668,15367.7683938524,1517.3232,34701210.8858768,0.998618619204148,0.000301038438914401,0.367989093742053,0,0,0,0,0,0,0,1489.96,45.222,104.051555555556,122351.818646465,0.997105889476534,0,0,0,0,3.11061224489796,6107.90577959184,5934.43201632653,3660.40885893878,9.31738017462746e-05,0.000379876929250336,0,0,0
438,47.12,6840.58163265306,1837.728,3035.34452653061,1837.464,22004.6703342908,1806.5406,13382948.8952484,1.00016463878423,0.000209344683731997,0.453588059793018,0,0,0,0,0,0,0,1838.3,49.642,124.356444444444,107261.854446465,1.00092084629245,0,0,0,0,2.35265306122449,6544.88613877551,6302.08153469388,3712.06617310204,7.31912245294371e-05,0.000420444578412226,0,0,0
439,47.02,10533.4779591837,2067.936,3729.67590204082,2066.358,21802.076938322,2013.8322,12570497.1818521,1.00142481956934,0.000188631000646873,0.510058919463468,0,0,0,0,0,0,0,2069.54,47.996,127.110444444444,102889.674927273,1.0024465373499,0,0,0,0,4.02,10590.6603102041,10544.4473836735,7816.70639302041,5.69514655480471e-05,0.000639557975755011,0,0,0
440,47.46,5166.06897959184,2284.988,5772.07918367347,2282.972,18436.8121872512,2220.0596,7240709.81168136,1.00169237921125,0.000200843835698804,0.563344474384517,0,0,0,0,0,0,0,2287.18,72.98,156.536,100180.396767677,1.00305986702807,0,0,0,0,1.27387755102041,4711.27740408163,4335.97634285714,3372.40249779592,7.57156112816691e-05,0.00032503210832879,0,0,0
