run,villages-point-mean,population-point-var,population-stability-mean-5-mean,population-stability-var-5-var,population-stability-mean-10-mean,population-stability-var-10-var,population-stability-mean-100-mean,population-stability-var-100-var,population-trend-5-mean,population-trend-10-var,population-trend-100-mean,matrilocal-point-var,matrilocal-stability-mean-5-mean,matrilocal-stability-var-5-var,matrilocal-stability-mean-10-mean,matrilocal-stability-var-10-var,matrilocal-stability-mean-100-mean,matrilocal-stability-var-100-var,population-point-mean,population-stability-var-5-mean,population-stability-var-10-mean,population-stability-var-100-mean,population-trend-10-mean,matrilocal-point-mean,matrilocal-stability-var-5-mean,matrilocal-stability-var-10-mean,matrilocal-stability-var-100-mean,villages-point-var,population-stability-mean-5-var,population-stability-mean-10-var,population-stability-mean-100-var,population-trend-5-var,population-trend-100-var,matrilocal-stability-mean-5-var,matrilocal-stability-mean-10-var,matrilocal-stability-mean-100-var
141,40.48,7019.50857142857,1575.004,13970849.4532286,1700.158,33127203.1606505,1780.024,13460118.8425119,0.852681628670535,0.000745879307126456,0.356896451305616,0.000317591836734694,0.22532,3.07568979591837e-08,0.11266,1.29774328092719e-06,0.011266,3.75065231436609e-08,1447.04,9666.306,21988.3508888889,110802.912581818,0.791532898399138,0.2426,0.0001868,0.0142067333333333,0.00244709757575758,5.68326530612245,5821.15835102041,5381.6094244898,3422.75180408163,0.000712422014557439,0.000431347607438189,7.78138775510205e-05,1.94534693877551e-05,1.94534693877551e-07
142,42.22,8040.58816326531,1818.544,8259058.06630204,1945.142,29627554.8271156,1999.313,7585492.12751953,0.86589086343491,0.00052529215007455,0.415586854916479,0.000266326530612245,0.219,1.08656734693878e-08,0.1095,1.26010655631141e-06,0.01095,3.67677837730428e-08,1686.06,10236.668,22629.2602222222,104860.529840404,0.813494569053278,0.231,0.0001142,0.0133948222222222,0.00230949838383838,5.68530612244898,7195.29965714286,6419.21595510204,3887.38253979592,0.000399781602203483,0.000490379584109283,7.92244897959184e-05,1.98061224489796e-05,1.98061224489796e-07
143,44.2,5985.81591836735,2040.616,5312930.59239184,2169.076,22774911.9390879,2217.4448,7744364.02692515,0.877818603464663,0.000301309336348204,0.469033611968951,0.000220408163265306,0.21236,5.76326530612245e-09,0.10618,8.12203590325019e-07,0.010618,2.40554540925645e-08,1904.98,10482.484,23222.2288888889,102283.291672727,0.828657072715155,0.22,6.6e-05,0.0125716666666667,0.0021690696969697,4.44897959183673,5569.61769795918,4960.04920816327,3945.117752,0.000191835429163799,0.000368636976245,5.67657142857143e-05,1.41914285714286e-05,1.41914285714286e-07
144,45.18,6935.76530612245,2204.444,8198898.50114694,2338.386,23739516.3622142,2380.3526,5130818.77420218,0.881813330030147,0.000291546497129276,0.508329572311999,0.000192816326530612,0.21032,2.98289795918368e-09,0.10516,6.87897255731922e-07,0.010516,2.04471089765517e-08,2066.9,11436.226,25236.7437777778,102257.833723232,0.83471622728539,0.2152,5.26e-05,0.0123241333333333,0.00212680121212121,4.06897959183674,5940.79394285714,5432.45265714285,4468.99274208163,0.000223791315683987,0.000428767823677667,4.92016326530612e-05,1.23004081632653e-05,1.23004081632653e-07
145,49.84,9854.33836734694,2215.452,78739.7319387755,2252.302,1131836.42029272,3740.0852,8027354662.88736,0.975309442988919,0.000242532492154868,0.260729867726981,0,0,0,0,0,0,0,2188.22,522.43,2158.97311111111,2235213.87589495,0.943260821460587,0,0,0,0,0.137142857142857,9970.05683265306,9809.15407755102,3433.36367853061,5.47132052165733e-05,0.000140584904846685,0,0,0
146,50,7219.31591836735,4534.512,87908.2040857143,4549.2,543899.305331519,5463.6268,3370757754.70692,0.994957734694334,0.000131561184692406,0.508980285509293,0,0,0,0,0,0,0,4523.52,237.286,710.825333333333,1116722.32,0.98911911045081,0,0,0,0,0,6985.60515918368,6655.45428571429,2707.10440995919,4.06285637984927e-05,8.99844826923423e-05,0,0,0
147,50,8836.48979591837,6666.96,68071.5604122449,6666.818,237574.42070189,7132.8842,1278034589.67858,1.00034877955533,7.79146990175325e-05,0.711645574729996,0,0,0,0,0,0,0,6669,253.486,529.846888888889,436116.070915152,1.00022525933555,0,0,0,0,0,8386.03428571429,8020.34966938776,2195.54590240816,3.3630923970479e-05,0.000102306562176963,0,0,0
148,50,10172.0248979592,8395.944,184175.496036735,8393.024,2068090.98204364,8627.5082,323381376.834163,1.00086214461601,0.000110572905526926,0.853117174646742,0,0,0,0,0,0,0,8398.34,374.722,1101.31377777778,136377.361783838,1.00103958603138,0,0,0,0,0,9229.28496326532,7890.24594285715,1387.49935383673,3.05521441196647e-05,0.000107370796790908,0,0,0
149,50,8679.16285714286,9834.968,127829.676428571,9832.074,778511.742420811,9920.3292,80515012.9514371,1.00009614152056,5.44318770953871e-05,0.954592355435631,0,0,0,0,0,0,0,9834.98,322.39,882.877111111111,28563.0232121212,1.00088730012905,0,0,0,0,0,8983.49283265304,8042.8031877551,1724.93249730612,1.94960537268412e-05,7.89907617998054e-05,0,0,0
150,50,6937.42204081633,11056.196,230177.799791837,11057.784,1272242.22131237,11039.5458,14012169.9237326,1.00012014189879,5.30006435571586e-05,1.02842871573281,0,0,0,0,0,0,0,11056.92,454.998,960.570222222222,8671.86736363636,0.999744835875459,0,0,0,0,0,6218.23590204084,6193.08586122448,1146.71797179591,2.19741085511755e-05,6.72468289368295e-05,0,0,0
151,50,8297.92693877551,12034.596,395937.905408163,12034.648,1816037.38758458,12006.5132,12021672.9985808,0.999336213448854,4.78270824108885e-05,1.07509671235394,0,0,0,0,0,0,0,12029.46,501.23,1097.216,18841.2432646465,0.999761791689058,0,0,0,0,0,7774.18855510204,6427.68336326531,1253.05203444898,2.0310533712654e-05,6.71238564377312e-05,0,0,0
152,50,5432.83306122449,12891.504,373948.07624898,12888.514,3725499.03932099,12840.6382,19955462.5436733,0.999846588456381,5.88016973554774e-05,1.10933093290243,0,0,0,0,0,0,0,12889.06,464.174,1471.32777777778,38641.0550040404,1.00074362952439,0,0,0,0,0,5148.69263673471,5060.41510612246,879.100864040821,1.59552709694533e-05,4.47903163703307e-05,0,0,0
153,50,4861.97387755102,13658.676,242968.297812245,13655.268,2763119.96929685,13591.3248,23118402.3811257,0.999887503827327,4.48171928320623e-05,1.13469880090504,0,0,0,0,0,0,0,13657.16,423.588,1292.98933333333,57463.4558707071,1.00067009167041,0,0,0,0,0,4377.89043265306,3859.81813877551,1030.07182955102,1.21562672241641e-05,3.76241739659832e-05,0,0,0
154,47.42,7558.82653061225,2102.184,2783399.9476898,2205.614,10577274.1819614,3739.878,7395724242.2732,0.893359122302707,0.000281220163508193,0.236300313589396,0.000412244897959184,0.15948,1.14627220408163e-06,0.07974,1.38547453817082e-06,0.007974,4.59671024814628e-08,1983.5,8795.408,16224.8944444444,2256829.70629495,0.847438321821997,0.19,0.0016382,0.00785837777777778,0.00129778525252525,2.12612244897959,7303.43647346939,6719.93061632653,2369.18396326531,0.000107724660440565,0.000106646107156252,0.000239968979591837,5.99922448979592e-05,5.99922448979592e-07
155,50,5904.62244897959,4427.416,1382111.4999551,4500.126,7647651.4768456,5454.5072,6435254966.79116,0.962610701060388,8.85355356543655e-05,0.488664860827446,0.00087330612244898,0.0952,1.32601208163265e-06,0.0476,2.5903383542454e-06,0.00476,6.58535032578517e-08,4343.9,4526.938,8195.96822222222,1124251.20757172,0.947403638291506,0.1396,0.0019104,0.00352764444444445,0.000539851313131313,0,6073.22912653062,6324.66400408163,3511.99352261224,2.12857023984582e-05,7.96671152471927e-05,0.000591673469387755,0.000147918367346939,1.47918367346939e-06
156,50,9977.06163265306,6549.34,2011579.05609796,6605.158,11551789.2494394,7129.1296,1646876057.63691,0.980986759400317,0.000127924472616776,0.69228070468364,0.000821061224489796,0.06416,6.30481632653061e-07,0.03208,1.09315837742504e-06,0.003208,2.79572661015432e-08,6488.86,2696.168,5315.61666666667,445989.658872727,0.973737298644577,0.0956,0.000956,0.00170666666666667,0.000260024242424242,0,9981.64285714286,10111.4551387755,2751.09114269387,3.09913237884116e-05,0.000112621639925799,0.000508055510204082,0.00012701387755102,1.2701387755102e-06
157,50,7536.12244897959,8282.588,2678446.06860816,8334.396,12137841.2758148,8617.541,252728940.325415,0.986502279880463,8.42762014968544e-05,0.83656955902289,0.00113240816326531,0.05424,4.38689959183674e-07,0.02712,9.25189224489796e-07,0.002712,2.31422413463016e-08,8230.4,2310.442,4720.45911111111,139846.829743434,0.98072963022455,0.0832,0.0009072,0.00138826666666667,0.000206802424242424,0,6829.06189387756,6098.29590204079,1535.95599285714,2.55793681975265e-05,8.03687720919368e-05,0.000616594285714286,0.000154148571428571,1.54148571428571e-06
158,50,7688.03306122449,9710.316,2586656.53089388,9765.576,12689597.2916475,9890.0678,88492396.7896313,0.988673115909835,6.38510638628782e-05,0.937809249462994,0.000881795918367347,0.03776,2.97926530612245e-07,0.01888,4.1161400856639e-07,0.001888,9.08875414212211e-09,9660.26,2314.882,5203.58133333333,33035.6230363636,0.982933043718968,0.0628,0.000624,0.000779555555555556,0.000111959595959596,0,7915.49239183675,7223.22553469388,1346.02040526531,2.06962882392631e-05,7.14391558962695e-05,0.000389982040816327,9.74955102040816e-05,9.74955102040816e-07
159,50,7301.9693877551,10919.496,2627430.0850449,10971.052,12990265.2919829,11029.0862,13584626.9519653,0.990509660264615,5.81195916613799e-05,1.01130345203792,0.000848326530612245,0.03904,3.36212244897959e-07,0.01952,3.88505316200554e-07,0.001952,8.63712082690438e-09,10873.5,2087.216,4760.48222222222,8566.25383636364,0.986414911842075,0.0608,0.000596,0.000787555555555556,0.000114359595959596,0,7001.01753469387,5991.3870367347,1303.01007302041,1.66957616111556e-05,6.88231488801449e-05,0.00036477387755102,9.11934693877551e-05,9.11934693877551e-07
160,50,9194.88326530612,11923.112,2639786.19422041,11971.102,14779526.6230057,11991.007,7410808.90832853,0.991987865311777,5.21648704609848e-05,1.06185899903519,0.000830040816326531,0.03544,2.76747102040816e-07,0.01772,3.80074545729403e-07,0.001772,8.58224721325812e-09,11880.88,1906.908,4357.51088888889,18872.1394,0.988450437810746,0.0616,0.0006472,0.000744266666666667,0.000105020606060606,0,9063.40924081632,7929.85693469389,1095.32382142857,1.81389436573736e-05,7.73949679436981e-05,0.000395761632653061,9.89404081632653e-05,9.89404081632653e-07
