run,villages-point-mean,population-point-var,population-stability-mean-5-mean,population-stability-var-5-var,population-stability-mean-10-mean,population-stability-var-10-var,population-stability-mean-100-mean,population-stability-var-100-var,population-trend-5-mean,population-trend-10-var,population-trend-100-mean,matrilocal-point-var,matrilocal-stability-mean-5-mean,matrilocal-stability-var-5-var,matrilocal-stability-mean-10-mean,matrilocal-stability-var-10-var,matrilocal-stability-mean-100-mean,matrilocal-stability-var-100-var,population-point-mean,population-stability-var-5-mean,population-stability-var-10-mean,population-stability-var-100-mean,population-trend-10-mean,matrilocal-point-mean,matrilocal-stability-var-5-mean,matrilocal-stability-var-10-mean,matrilocal-stability-var-100-mean,villages-point-var,population-stability-mean-5-var,population-stability-mean-10-var,population-stability-mean-100-var,population-trend-5-var,population-trend-100-var,matrilocal-stability-mean-5-var,matrilocal-stability-mean-10-var,matrilocal-stability-mean-100-var
4101,50,17747.7653061225,21912.02,52541360.6315306,22062.52,264766436.139844,21146.4352,20822958147.2149,0.986406380824756,3.8647112250062e-05,1.67196289589191,0.000907102040816327,0.04152,5.56555102040816e-07,0.02076,4.30542504409171e-07,0.002076,8.92476596099107e-09,21776.7,15075.59,34149.06,4362052.91833131,0.980070657584718,0.0552,0.000716,0.000888444444444444,0.000127422222222222,0,16461.2118367347,14625.4404081633,4398.07536016325,1.19107255981549e-05,0.000103714828623985,0.000335601632653061,8.39004081632653e-05,8.39004081632653e-07
4102,50,13748.2648979592,23935.252,39531425.1534531,24078.724,204182991.569776,23139.5448,18060844347.3903,0.988729794153247,2.27567884187746e-05,1.74152088709269,0.000707918367346939,0.03208,2.18319020408163e-07,0.01604,2.54132156210632e-07,0.001604,5.69393982138432e-09,23817.02,12485.496,30511.9422222222,5261834.29653333,0.983002082987401,0.0432,0.0004744,0.0005832,8.34836363636364e-05,0,14981.4119346939,13962.9671673469,1740.52696424491,8.07529207245192e-06,8.36407253556867e-05,0.000317707755102041,7.94269387755102e-05,7.94269387755102e-07
4103,50,14476.612244898,25640.516,43178557.6647388,25781.594,293842746.682846,24886.7994,14220082195.1019,0.990627745613243,3.33163022919878e-05,1.78313204785417,0.000772081632653061,0.02864,1.84312816326531e-07,0.01432,2.03930348198539e-07,0.001432,4.23493026059398e-09,25538.4,10462.866,29495.0748888889,5982587.09174344,0.984761885042344,0.0356,0.0004088,0.000479288888888889,6.79208080808081e-05,0,14479.4417795918,13628.6875142857,2046.93870779591,1.02640970718401e-05,8.44799886317422e-05,0.000256235102040816,6.40587755102041e-05,6.40587755102041e-07
4104,50,13462.7085714286,27151.264,30113216.534302,27286.094,293531112.423766,26428.5596,12680335390.1438,0.991583969709489,2.87338260057219e-05,1.80835743902623,0.000685877551020408,0.03152,8.42083265306123e-08,0.01576,2.30547833711262e-07,0.001576,5.85470981328436e-09,27056.84,9197.228,27355.8024444445,6427226.26133333,0.986558592707552,0.0372,0.0003872,0.000542933333333333,7.96993939393939e-05,0,13378.4284734694,10133.1948612244,2713.71278351021,6.63009237218838e-06,7.72419519815457e-05,0.000348499591836735,8.71248979591837e-05,8.71248979591837e-07
4105,0.02,0.02,0.04,0.00422857142857143,0.214,1.27867578735198,345.9438,20950608.2283458,0.01,0.000555555555555555,4.96647628507574e-06,0,0,0,0,0,0,0,0.02,0.016,0.416222222222222,355587.441775758,0.00333333333333333,0,0,0,0,0.02,0.0424489795918367,0.299595918367347,544.816819959184,0.005,1.23329433451099e-09,0,0,0
4106,7.48,1424.36897959184,65.728,3885.7952,76.916,46403.0860178383,537.2356,188889556.990823,0.695031416507135,0.0380341322587182,0.0143250938174618,0,0,0,0,0,0,0,57.72,56.248,220.416888888889,327741.916622222,0.526227099158881,0,0,0,0,18.050612244898,1556.67715918367,1764.53239183673,2527.48024146939,0.0448513149428252,8.77349100686922e-05,0,0,0
4107,31.02,5539.39795918367,504.124,6896.63410612245,518.25,40865.73861935,861.5914,218211903.455839,0.959247027611738,0.00110173147461428,0.122384361114076,0,0,0,0,0,0,0,493.5,92.324,342.246,231714.171953535,0.904575645608437,0,0,0,0,15.3669387755102,5492.25451428571,5573.42663265306,2222.75572657143,0.000505656807424198,0.000341273191264836,0,0,0
4108,43.12,10108.7902040816,1085.952,1639.73193469388,1091.59,18528.9921008314,1238.0646,110281622.124861,0.990650270209751,0.00048400084693029,0.26792763148384,0,0,0,0,0,0,0,1081.16,45.948,130.211777777778,151619.778175758,0.981173127284815,0,0,0,0,8.51591836734694,9711.99928163266,9250.70540816327,4186.45554371429,0.000140178458977272,0.000624516639656688,0,0,0
4109,46.72,6372.84244897959,1539.644,2889.40033061225,1538.696,20519.8299513228,1561.8912,28054903.0671911,1.00016277936954,0.000351867782212746,0.381082002122114,0,0,0,0,0,0,0,1539.12,42.526,118.556444444444,117770.665292929,1.00108976753359,0,0,0,0,3.34857142857143,6320.56373877551,6457.45182040816,4051.0068597551,9.66705203143746e-05,0.000393623633851217,0,0,0
4110,47.88,5742.62693877551,1870.084,3794.26222040816,1870.98,21146.5713910809,1836.8372,15058534.1583427,0.999694009280528,0.000228640328623819,0.462530216479168,0,0,0,0,0,0,0,1869.84,44.268,133.447111111111,105450.62709899,0.998354853045953,0,0,0,0,1.78122448979592,6096.15361632653,6234.88285714286,3196.58802873469,6.10448889907909e-05,0.000355830409654401,0,0,0
4111,48.48,4181.70653061225,2130.808,6147.51846938776,2130.634,15150.6435404888,2072.4944,4577392.70114813,1.00044701281498,0.000163672358327449,0.526625334410275,0,0,0,0,0,0,0,2131.26,63.73,123.281555555556,101149.681523232,1.00066690706964,0,0,0,0,1.15265306122449,4394.49299591837,4435.21086122449,2329.57679657143,7.55960829284831e-05,0.000255729397804742,0,0,0
4112,48.62,4183.06775510204,2349.124,6034.96534285714,2346.11,49479.8522050391,2271.6062,6627819.65724797,1.00212821028278,0.000199591342896222,0.580795047203023,0,0,0,0,0,0,0,2351.44,65.742,178.671333333333,100125.274010101,1.00390134761199,0,0,0,0,1.30163265306122,4029.20308571429,3940.78540816326,3651.58188934694,5.98497738612286e-05,0.000258228153293664,0,0,0
4113,48.84,4562.57142857143,2517.816,11529.5047387755,2516.72,53416.718659612,2446.0926,8605333.04460232,1.00123778389741,0.00021595227356328,0.621849607770274,0,0,0,0,0,0,0,2519.8,91.834,227.395555555556,100295.656450505,1.002013788552,0,0,0,0,1.15755102040816,4547.20300408163,4634.1812244898,2937.85891759184,7.80490313375223e-05,0.000283263419789145,0,0,0
4114,0,0,0.044,1.6928,0.372,45.3443196775006,348.2104,23092603.1647372,0,0,0,0,0.008,0.0018,0.004,0.000632098765432099,4e-04,7.83920008162432e-06,0,0.184,1.53911111111111,354998.203709091,0,0,0.006,0.00355555555555556,0.000395959595959596,0,0.0968,1.67389387755102,708.37353044898,0,0,0.0032,8e-04,8e-06
4115,0.8,85.9591836734694,22.524,196962.342628571,58.478,1440055.80270098,542.9312,113426266.896167,0.0736065596029738,0.00395325966024247,0.00134057854108668,0.200793306122449,0.5974,0.010577456752,0.2987,0.00346419985999546,0.02987,9.6671042427619e-05,5.4,436.232,1846.13177777778,330514.87069495,0.040992371051323,0.3584,0.1342952,0.169604822222222,0.0244119165656566,1.3469387755102,287.436555102041,730.451955102041,1209.6502842449,0.0114430663814742,5.30221188601842e-06,0.0396104897959184,0.00990262244897959,9.90262244897959e-05
4116,16.62,4760.38408163265,339.104,7442354.60610612,432.432,17261237.0942637,856.3618,271337356.235693,0.535438510879658,0.00664166561131485,0.0597759981353958,0.0124063673469388,0.40556,5.33471884081633e-05,0.20278,0.000282161572763417,0.020278,7.24924550728597e-06,241.06,6745.796,12954.6431111111,239490.107973737,0.442794287855237,0.4876,0.0059944,0.0493644222222222,0.00830860383838384,18.2404081632653,5282.94733061224,5775.20262857143,3307.22245587755,0.00717474331005376,0.00029279069294597,0.00371629224489796,0.00092907306122449,9.2907306122449e-06
4117,33.04,9065.29632653061,881.848,6524062.24540816,977.882,11514667.1785097,1214.0804,110078168.362072,0.760376125719029,0.00189405982953526,0.189240148515531,0.00132914285714286,0.25928,5.19379591836735e-07,0.12964,1.5619061627614e-05,0.012964,4.4333950094222e-07,763.64,8906.89,14379.6522222222,158763.562832323,0.706538566032357,0.2912,0.000996,0.0192855555555556,0.00329492323232323,13.345306122449,8615.06213877551,8070.8174244898,4443.24115493877,0.00181502400796357,0.000556436969062366,0.000620695510204082,0.00015517387755102,1.5517387755102e-06
4118,41.88,7055.26367346939,1384.096,8158155.31765306,1476.618,14542059.5156725,1574.6614,28833662.9364123,0.838875906581424,0.000832599044866393,0.312503111223024,0.000562816326530612,0.21536,8.12452653061224e-08,0.10768,2.52738871050642e-06,0.010768,7.34198006524115e-08,1262.04,9102.15,13767.0615555556,118575.263436364,0.804105589560944,0.2262,0.0003342,0.0130756,0.00224636,6.51591836734694,6525.3701877551,6029.60068979592,3729.61464085714,0.000613322780579689,0.000432064294619651,0.000160724897959184,4.01812244897959e-05,4.01812244897959e-07
4119,45.32,4344.29591836735,1701.904,5002319.24316735,1793.83,8545490.46930617,1840.5682,8359066.53613456,0.867880963862224,0.000334686415439892,0.391336561492603,0.00026534693877551,0.2016,1.81422897959184e-07,0.1008,7.64685504661124e-07,0.01008,2.36401562316215e-08,1582.3,9170.136,13607.6806666667,105388.158991919,0.83958673364631,0.2086,0.0004266,0.0114976888888889,0.00197045171717172,2.42612244897959,3917.03875918367,3605.425,1853.74974159184,0.000245455679778198,0.00026518881469713,6.79183673469387e-05,1.69795918367347e-05,1.69795918367347e-07
4120,46.38,5348.32653061225,1936.86,4158424.56132653,2029.592,8176195.75767679,2057.7718,7650703.76395225,0.881609975551354,0.000316406213665447,0.448685789442847,0.000292612244897959,0.195,4.73451469387755e-07,0.0975,1.0300996266062e-06,0.00975,3.4458605891069e-08,1815.4,9482.59,13929.8884444444,101930.687165657,0.855344525418824,0.2082,0.0008234,0.0109595333333333,0.00186306848484848,3.46489795918367,4895.39632653061,4529.1938122449,3018.94921506122,0.000183640856344907,0.000328764770852988,0.000114163265306122,2.85408163265306e-05,2.85408163265306e-07
