run,villages-point-mean,population-point-var,population-stability-mean-5-mean,population-stability-var-5-var,population-stability-mean-10-mean,population-stability-var-10-var,population-stability-mean-100-mean,population-stability-var-100-var,population-trend-5-mean,population-trend-10-var,population-trend-100-mean,matrilocal-point-var,matrilocal-stability-mean-5-mean,matrilocal-stability-var-5-var,matrilocal-stability-mean-10-mean,matrilocal-stability-var-10-var,matrilocal-stability-mean-100-mean,matrilocal-stability-var-100-var,population-point-mean,population-stability-var-5-mean,population-stability-var-10-mean,population-stability-var-100-mean,population-trend-10-mean,matrilocal-point-mean,matrilocal-stability-var-5-mean,matrilocal-stability-var-10-mean,matrilocal-stability-var-100-mean,villages-point-var,population-stability-mean-5-var,population-stability-mean-10-var,population-stability-mean-100-var,population-trend-5-var,population-trend-100-var,matrilocal-stability-mean-5-var,matrilocal-stability-mean-10-var,matrilocal-stability-mean-100-var
2221,50,3889.04530612245,11081.248,325945943.440669,11559.096,909846411.389135,11958.1694,64130102.2138951,0.901595983952753,3.32092550068634e-05,0.941432400573711,0,0.19112,4.02392816326531e-07,0.09556,1.34536425296044e-07,0.009556,6.98944118805036e-09,10538.66,208179.988,347043.123111111,68375.1331616162,0.875762446885856,0.2,0.0005648,0.0104068444444444,0.00177700767676768,0,5376.73887346938,5921.92243265306,1082.58170779591,1.23310669856302e-05,3.27268755723545e-05,3.48016326530612e-05,8.70040816326531e-06,8.7004081632653e-08
2222,50,4828.04081632653,11933.492,348755862.283775,12419.292,938818158.218006,12793.651,60508663.7400364,0.904355791007661,2.9876862153113e-05,0.977579950481706,0,0.18648,8.37321795918368e-07,0.09324,7.55706404635929e-08,0.009324,4.88383205945249e-09,11356.6,230072.99,365301.268444445,87016.808640404,0.880018466622441,0.2,0.0010008,0.0101135111111111,0.00171048646464646,0,5467.48768979592,5496.78891428571,807.978209183682,1.23018840831415e-05,3.57139812338008e-05,3.32342857142857e-05,8.30857142857142e-06,8.30857142857143e-08
2223,50,4675.86489795918,12682.08,335210993.730306,13176.156,733874831.183207,13553.1504,56312411.5136996,0.90685507875694,2.07742161887895e-05,1.00415302763861,0,0.18336,1.12724636734694e-06,0.09168,1.41438097253716e-07,0.009168,8.21008130299074e-09,12077.82,246622.59,381575.840888889,110001.31359596,0.883688797216365,0.2,0.0013984,0.00997475555555556,0.00167206141414141,0,5924.96489795917,5119.9825142857,629.34706106122,9.58043312697165e-06,3.28830294463462e-05,5.18269387755101e-05,1.29567346938775e-05,1.29567346938776e-07
2224,42.16,9400.12897959184,1946.572,13677628.2280163,2129.116,82614716.8540642,3742.6764,9752283780.82141,0.832175711915381,0.000531555707818845,0.209914121902988,0.000132081632653061,0.21552,2.0137306122449e-08,0.10776,6.58656939279415e-07,0.010776,1.89484055902667e-08,1761.56,19148.512,46201.2031111111,2277743.08168081,0.752098488081769,0.2384,0.0002212,0.0130122666666667,0.0022395296969697,2.54530612244898,9298.69715918367,8463.22831020408,3147.19471330612,0.000293555113750282,0.000134535772118464,4.22138775510204e-05,1.05534693877551e-05,1.05534693877551e-07
2225,45.76,11842.4493877551,4052.352,48743731.3029592,4312.604,179861074.816017,5445.1582,4829025704.20899,0.88608843329678,0.000216820040164832,0.426168923126276,4.42448979591838e-05,0.20404,2.72771428571429e-09,0.10202,3.77527442680777e-08,0.010202,1.02004724053563e-09,3788.14,35500.43,91565.0195555556,1160858.32516162,0.826204048789916,0.2192,8.21999999999999e-05,0.0116017111111111,0.00200094282828283,2.2269387755102,10419.1143836735,9657.64243265306,2724.80210485714,0.000130893118565218,0.000148800738693256,2.36571428571428e-06,5.91428571428571e-07,5.91428571428573e-09
2226,47.54,9946.14040816326,5935.136,116823654.513669,6299.948,418874752.953091,7094.9192,1333785251.15083,0.895946018607897,0.000134384918035838,0.59641380008034,5.30612244897959e-05,0.202,1.24473469387755e-09,0.101,3.17750284706476e-08,0.0101,8.75740827112603e-10,5590.68,63388.402,176699.022666667,493454.146412121,0.838479278130273,0.21,3.03999999999999e-05,0.0113485333333333,0.00195909575757576,1.72285714285714,8106.09377959183,7592.04173061224,2152.65318710204,8.57000215264716e-05,0.000110498792129455,2.12244897959184e-06,5.3061224489796e-07,5.30612244897961e-09
2227,49.08,5847.87918367347,7511.176,95372333.4090816,7953.308,550804891.271261,8573.7936,389268626.401717,0.903855122704749,5.88463742479969e-05,0.724644216494602,1.86122448979591e-05,0.20048,7.44489795918362e-11,0.10024,1.00370551776266e-08,0.010024,2.8869205999388e-10,7130.28,87501.67,256727.692888889,197973.161939394,0.849463762408742,0.2024,4.79999999999998e-06,0.0111668444444444,0.00192864404040404,0.728163265306122,5654.95614693876,5323.98115918367,1480.61171330612,3.05536346359079e-05,6.23448547066381e-05,7.44489795918369e-07,1.86122448979592e-07,1.8612244897959e-09
2228,49.86,6906.33673469388,8808.576,128969522.394351,9309.112,1233609938.20046,9868.1838,127487873.23052,0.90330807726753,7.22874492432597e-05,0.813476882012951,1.99999999999999e-06,0.20004,7.99999999999994e-12,0.10002,1.07854320987654e-09,0.010002,3.10217345168863e-11,8379.5,122116.344,333716.973333333,92450.7384707071,0.85393663761603,0.2002,3.99999999999999e-07,0.0111157555555556,0.0019199795959596,0.163673469387755,5544.94798367348,5047.81168979594,1935.19972608163,2.15331037070971e-05,6.84754891002012e-05,8.00000000000001e-08,2e-08,1.99999999999998e-10
2229,49.98,3407.43714285714,9959.84,139279540.856735,10496.584,808449772.329377,10984.3402,64485399.4523538,0.902113083870346,3.04577275525557e-05,0.881518932658787,0,0.2,0,0.1,0,0.01,0,9478.46,159636.12,391713.189333333,70691.8013717172,0.859059714243325,0.2,0,0.0111111111111111,0.00191919191919192,0.02,4088.74122448979,4190.72300408164,1109.70765914286,1.1093788856003e-05,3.16362003755879e-05,0,0,0
2230,50,3780.28571428571,10853.592,174730517.919465,11421.512,1284632607.71157,11938.0972,89343218.1465391,0.902091070291776,3.47511179006588e-05,0.9238825036372,0,0.2,0,0.1,0,0.01,0,10336.8,189377.282,443444.312888889,88788.1213333333,0.862045940842496,0.2,0,0.0111111111111111,0.00191919191919192,0,4342.39177142857,4492.90230204083,1399.10697159184,1.02080564060628e-05,2.97856031029158e-05,0,0,0
2231,50,6616.12244897959,11694.404,339028107.454045,12294.98,1533272219.27485,12791.3996,93739646.4509758,0.900710057828084,3.60562312480893e-05,0.958733816202616,0,0.2,0,0.1,0,0.01,0,11134.6,225758.506,502074.984,112077.543232323,0.863504121766982,0.2,0,0.0111111111111111,0.00191919191919192,0,7144.7714122449,6755.12040816327,892.771959020413,1.42525450887726e-05,4.79822401166218e-05,0,0,0
2232,49.98,2948.18326530612,12412.604,524842061.605408,13039.686,1718024240.86931,13532.8358,95125728.2222326,0.899681442249541,2.66874355358402e-05,0.981820072907244,0,0.2,0,0.1,0,0.01,0,11812.98,260326.47,553486.214444444,136418.159408081,0.86441040499982,0.2,0,0.0111111111111111,0.00191919191919192,0.02,4257.16651428572,5067.68000408163,1007.0622697551,1.53951072518497e-05,2.31740541586807e-05,0,0,0
2233,50,14807.2587755102,5004.744,291874.130514286,5044.726,3810532.57248521,6490.8266,9946144972.99815,0.987904553712802,0.000113600858407105,0.51451892784499,0,0,0,0,0,0,0,4974.92,715.164,2729.75755555556,1710329.51446667,0.971905828312759,0,0,0,0,0,14495.6196571429,13706.6827795918,4543.72123514285,3.07579153197682e-05,0.000159755854626937,0,0,0
2234,50,25909.167755102,9618.872,539876.26997551,9626.624,4068258.33504137,9903.1122,810163098.306708,0.999413639023194,9.90125674434407e-05,0.929298326482874,0,0,0,0,0,0,0,9616.66,486.732,1370.33377777778,85938.0102646465,0.997419082987968,0,0,0,0,0,24526.953077551,23649.5492081633,8835.49617261225,3.18806893795347e-05,0.000242913354937845,0,0,0
2235,50,22582.1734693878,13759.676,851230.252934694,13763.912,2458774.59958156,13271.4994,2888840263.59774,0.999083885468909,4.29289841243186e-05,1.24717248421856,0,0,0,0,0,0,0,13752.9,583.082,1185.66622222222,439975.083032323,0.999079975373726,0,0,0,0,0,20952.1483918367,19305.9598530612,5598.327140449,1.70917506156675e-05,0.000188208629142399,0,0,0
2236,50,23932.3465306122,17122.216,653158.697718367,17119.628,12598026.2700561,16228.4482,13509888456.5375,0.999682806712364,5.946747306204e-05,1.46370413191925,0,0,0,0,0,0,0,17118.98,733.694,2437.51244444444,1705622.39335556,1.00063340693433,0,0,0,0,0,23909.5654530612,22258.445322449,6770.06152526529,1.46451120133518e-05,0.000180757914937217,0,0,0
2237,50,21713.2555102041,19896.676,1242003.18757551,19898.724,10468604.02065,18877.9866,19550277193.1461,0.999582355366251,4.60965392654237e-05,1.60942082058416,0,0,0,0,0,0,0,19891.36,800.924,2586.46,3140412.71451919,0.999556676697637,0,0,0,0,0,18780.0324734694,15558.8998204082,4077.39902697962,1.12996341245014e-05,0.00015951145160658,0,0,0
2238,50,17869.3779591837,22244.292,2055324.22485306,22233.004,25229757.7700471,21165.6984,26220736911.7895,1.00055564773031,4.80284185280273e-05,1.70873129541528,0,0,0,0,0,0,0,22248.64,1107.338,3586.14533333333,4369564.2023798,1.00157429526617,0,0,0,0,0,18184.6452408164,15572.2420244898,4341.11743004088,1.25544970859714e-05,0.000108173950398106,0,0,0
2239,50,22944.3771428571,24185.208,1235635.11624898,24187.122,17502395.2425661,23146.5764,20718299021.2734,1.0001683330459,4.67901921797658e-05,1.76978815336279,0,0,0,0,0,0,0,24188.48,1040.326,3743.64777777778,5322749.85315556,0.999993965812549,0,0,0,0,0,18521.8938122449,13539.6082816327,3706.65340718367,1.04075812555427e-05,0.00013218101231425,0,0,0
2240,50,17890.5126530612,25910.944,719555.843840816,25912.192,10199525.5938616,24896.105,21818272183.168,1.00021089820279,2.46023299010675e-05,1.80917861217553,0,0,0,0,0,0,0,25914.76,722.506,2603.20088888889,5987645.58958586,1.0001214175114,0,0,0,0,0,17911.330677551,13533.9044244898,1327.16151530613,5.96866243041075e-06,9.7437588551234e-05,0,0,0
