run,villages-point-mean,population-point-var,population-stability-mean-5-mean,population-stability-var-5-var,population-stability-mean-10-mean,population-stability-var-10-var,population-stability-mean-100-mean,population-stability-var-100-var,population-trend-5-mean,population-trend-10-var,population-trend-100-mean,matrilocal-point-var,matrilocal-stability-mean-5-mean,matrilocal-stability-var-5-var,matrilocal-stability-mean-10-mean,matrilocal-stability-var-10-var,matrilocal-stability-mean-100-mean,matrilocal-stability-var-100-var,population-point-mean,population-stability-var-5-mean,population-stability-var-10-mean,population-stability-var-100-mean,population-trend-10-mean,matrilocal-point-mean,matrilocal-stability-var-5-mean,matrilocal-stability-var-10-mean,matrilocal-stability-var-100-mean,villages-point-var,population-stability-mean-5-var,population-stability-mean-10-var,population-stability-mean-100-var,population-trend-5-var,population-trend-100-var,matrilocal-stability-mean-5-var,matrilocal-stability-mean-10-var,matrilocal-stability-mean-100-var
3481,41.44,7089.46489795918,1829.716,9766509.34489796,1970.44,38755399.9866598,2034.795,8202247.93401891,0.854356944999245,0.000492712956473929,0.413658538833011,0.000248979591836735,0.22036,1.74204081632653e-08,0.11018,1.49182147896196e-06,0.011018,4.34028947119099e-08,1676.38,12341.72,27855.1653333333,104306.951137374,0.794050775469242,0.242,0.000188,0.0135972222222222,0.00234177474747475,6.29224489795918,5481.54626938776,5053.49959183674,4454.20709081633,0.00040474611109227,0.000439071265079467,9.25208163265306e-05,2.31302040816327e-05,2.31302040816327e-07
3482,43.04,6031.63428571429,2034.504,9283162.95510204,2179.64,26358073.6113379,2236.6834,8044575.45702749,0.866575959043632,0.000301242403550173,0.463000625826287,0.000124244897959184,0.21464,8.91530612244898e-09,0.10732,8.52916502897455e-07,0.010732,2.49380176866584e-08,1877.28,12560.94,29230.3355555556,103302.365573737,0.807251438051368,0.2332,0.000135,0.0128726666666667,0.00221855151515152,3.54938775510204,5748.61426938776,5602.42489795919,4006.69025146939,0.000231282964005994,0.000377701760173316,5.63983673469388e-05,1.40995918367347e-05,1.40995918367347e-07
3483,43.18,4861.59020408163,2185.076,15223496.4000041,2339.444,49937410.6496016,2398.9396,4655401.92526474,0.86944384709421,0.000372481677505541,0.497529247315262,0.000138,0.21376,1.45585306122449e-08,0.10688,6.90626019652305e-07,0.010688,2.02484564522154e-08,2019.04,13906.386,33014.3146666667,102725.318787879,0.809688764305305,0.2326,0.0001408,0.0127679555555556,0.00220025414141414,4.47714285714286,4022.19737142857,3866.40373877551,3079.65627738776,0.000297859461851314,0.000298087048665135,4.69616326530612e-05,1.17404081632653e-05,1.17404081632653e-07
3484,0,0,0,0,0.15,1.76306782564878,341.459,18791282.9207862,0,0,0,0,0,0,0,0,0,0,0,0,0.358444444444444,353679.342430303,0,0,0,0,0,0,0,0.253979591836735,416.15072755102,0,0,0,0,0
3485,0.6,84.1289795918367,19.124,202794.215771429,51.5,1622385.01406379,528.0744,120957653.37458,0.0647387061748667,0.00394716545067159,0.00110192265012221,0.190204081632653,0.54984,0.0089688289064898,0.27492,0.00378060694011388,0.027492,0.000127326049962233,4.44,346.512,1543.88933333333,331288.747866667,0.0334425390347032,0.31,0.1320642,0.159534711111111,0.022753661010101,0.979591836734694,318.378595918367,848.911836734694,1924.41191493878,0.0131670261188395,5.18620890623539e-06,0.0619369534693878,0.0154842383673469,0.000154842383673469
3486,15.72,8162.18816326531,322.452,4868944.80744898,420.284,14244021.0975609,845.0116,373871343.189617,0.525887972625478,0.0112803547631376,0.0576293541941863,0.0204024897959184,0.41492,8.80198612653061e-05,0.20746,0.000708011591921895,0.020746,1.83596029587522e-05,232.66,6113.23,13598.7893333333,242190.119547475,0.423435072644833,0.4866,0.0051714,0.0520979777777778,0.00881069070707071,29.9608163265306,9476.56295510204,9674.39688163265,4951.97378922449,0.0114174783950121,0.00050157674623608,0.00726517714285714,0.00181629428571429,1.81629428571429e-05
3487,32.1,9226.62204081633,873.644,11271484.1728531,986.75,24970313.8713242,1226.6476,85504428.8354902,0.751130387143937,0.00261420530898366,0.185500775030427,0.0010310612244898,0.27016,3.63980775510204e-07,0.13508,1.4084599574704e-05,0.013508,4.05387635121614e-07,749.52,9560.302,18730.9135555556,157680.11780202,0.677745783843951,0.3066,0.0007478,0.0207575111111111,0.00355819555555556,11.6020408163265,7997.24455510204,7125.62173469388,3136.36937779592,0.0023704317172799,0.000566043074418312,0.000555239183673469,0.000138809795918367,1.38809795918367e-06
3488,38.14,7700.77551020408,1288.944,16871423.260098,1411.484,53087644.1769103,1537.3086,36800061.7391167,0.813410054256504,0.00156750072617198,0.284939969976427,0.000343877551020408,0.23688,3.48122857142857e-08,0.11844,2.99000273318216e-06,0.011844,8.63209248112542e-08,1152.4,11012.148,22023.2453333333,122849.567727273,0.751230891955581,0.263,0.0003286,0.0157761333333333,0.00271301939393939,6.40857142857143,6356.34128979592,5814.44994285714,4157.84583269388,0.00126806804649808,0.000475771402664185,0.00015937306122449,3.98432653061224e-05,3.98432653061225e-07
3489,40.7,7536.5,1598.04,9911068.52622449,1726.248,32110928.8337951,1806.1182,14130220.3664006,0.845486357984153,0.000700512529569312,0.359725788123006,0.000260244897959184,0.22348,2.01518775510204e-08,0.11174,2.04179743461829e-06,0.011174,5.95926516873122e-08,1456.1,10868.31,23418.6208888889,109795.852228283,0.785146318247833,0.2464,0.0002146,0.0140004666666667,0.00241045878787879,5.8469387755102,6845.26367346939,6291.3752,4484.4625742449,0.000512554089388246,0.000468559166192909,0.000117356734693878,2.93391836734694e-05,2.93391836734694e-07
3490,41.26,7470.37102040816,1819.988,13558754.5629592,1957.802,34765341.9392321,2023.5458,9609100.18927203,0.85478808393389,0.000445212104088742,0.410896317243591,0.000183836734693878,0.22072,1.91836734693878e-08,0.11036,1.17903401360544e-06,0.011036,3.48232503138997e-08,1665.42,12153.57,26814.3295555556,104516.603311111,0.795084603085524,0.2428,0.000194,0.0136397777777778,0.00234890707070707,4.97183673469388,7316.42842448979,6611.87162857143,4549.67451465307,0.000413716496582998,0.000468012332940804,7.70220408163266e-05,1.92555102040816e-05,1.92555102040816e-07
3491,42.54,4622.00653061225,2032.528,9555094.95846531,2180.472,42824599.2336004,2242.5236,8318923.39196527,0.863664367416993,0.000322559343078912,0.460992172257767,0.000114938775510204,0.2144,1.23002448979592e-08,0.1072,6.03582758377425e-07,0.01072,1.77453848009678e-08,1869.44,13020.948,30455.7244444444,103379.668670707,0.80320109026612,0.2356,0.0001676,0.0128543555555556,0.00221420323232323,3.64122448979592,4529.92940408163,4493.41348571429,3275.5500602449,0.000243249665908998,0.000281129668873267,4.09795918367347e-05,1.02448979591837e-05,1.02448979591837e-07
3492,42.94,6964.70367346939,2192.608,9859921.97786122,2347.362,26097545.1291594,2402.5496,5637574.72402467,0.866119326050818,0.000266317721113033,0.497534160536511,0.000122612244897959,0.21316,8.79383673469388e-09,0.10658,7.79361935500125e-07,0.010658,2.28952164265204e-08,2020.52,14560.264,33294.4091111111,103069.550222222,0.807535432561198,0.2328,0.0001402,0.0126981555555556,0.0021882195959596,3.89428571428571,6159.62768979592,5591.08852653061,4225.87675493877,0.000221887347302339,0.000434861196446033,5.29126530612244e-05,1.32281632653061e-05,1.32281632653061e-07
3493,49.78,7131.44653061225,2241.312,157763.467167347,2281.204,1435217.04256468,3765.1624,8694685518.3712,0.972762286905278,0.000221812353247246,0.263405157790829,0,0,0,0,0,0,0,2211.32,659.876,2510.28933333333,2221499.36165657,0.939097794409664,0,0,0,0,0.256734693877551,6869.54475102041,6764.18977959184,2847.05100636735,6.21426161400674e-05,0.000102275601938445,0,0,0
3494,50,9609.07142857143,4573.736,94421.8682653061,4588.32,849039.038558025,5479.2784,4235862320.95671,0.995203280719456,0.000146167997444266,0.513271156462932,0,0,0,0,0,0,0,4562.9,206.15,759.154666666667,1094646.94236768,0.988666793802361,0,0,0,0,0,9189.44724897959,8622.03102040816,3244.78811167348,3.52286841549567e-05,0.00011993706349499,0,0,0
3495,50,10565.9330612245,6669.944,97234.1808163265,6669.104,1221457.53745649,7138.7712,2128529643.09602,0.999707931102503,0.000140012825150848,0.711387788479768,0,0,0,0,0,0,0,6668.84,265.22,841.749777777778,438521.262218182,1.00036147551073,0,0,0,0,0,10943.3355755102,10951.4024326531,3219.8514842449,3.46671978458929e-05,0.000120750089216139,0,0,0
3496,50,11042.3302040816,8414.876,226401.07524898,8419.02,2108915.6123747,8625.4726,305884341.582658,0.998980599301169,9.68756946016565e-05,0.854563829404358,0,0,0,0,0,0,0,8411.58,345.816,960.881777777778,131967.800830303,0.998865861437502,0,0,0,0,0,10413.7957387755,9250.2224489796,1877.90778289796,2.71135008052757e-05,0.000117808155195172,0,0,0
3497,50,7756.93714285714,9796.864,168306.380816327,9799.774,1747240.50932028,9896.9618,84195871.2229359,1.00006259716256,7.78000950639305e-05,0.950539304939115,0,0,0,0,0,0,0,9798.04,358.56,1058.374,30953.1161717172,0.99928583177239,0,0,0,0,0,8173.89949387755,7380.69216734695,2103.43360281632,2.24665643438631e-05,7.67888450190982e-05,0,0,0
3498,50,11576.8771428571,11032.048,352361.698371429,11030.51,2446845.44406052,11030.537,10230667.4054249,1.00071384607167,8.01512110638632e-05,1.02637242160946,0,0,0,0,0,0,0,11035.98,456.514,1435.30822222222,8405.69780808081,1.00045824278786,0,0,0,0,0,10724.9005061224,9086.68214285716,1272.12551122449,2.04975898760291e-05,0.000104102824098525,0,0,0
3499,50,7146.86897959184,12016.696,225294.718485714,12022.846,1551091.99854074,12002.803,12182598.7556964,0.99990342250096,6.99803519754264e-05,1.07354152195281,0,0,0,0,0,0,0,12016.22,415.078,1492.12288888889,18936.1820181818,0.99833907986068,0,0,0,0,0,6027.24610612243,5251.93437142858,1010.21468673469,1.69037099263794e-05,5.91659346008892e-05,0,0,0
3500,50,8115.37306122449,12901.364,481228.701208163,12895.268,4000598.81346516,12847.8154,11322573.4887791,1.00039301088927,7.2339516953851e-05,1.11073995893408,0,0,0,0,0,0,0,12905.12,570.004,1786.66177777778,38201.7450444445,1.0019038523993,0,0,0,0,0,6646.86969795918,4655.05364897961,831.580131469388,1.95957215784063e-05,6.09426329770368e-05,0,0,0
