run,villages-point-mean,population-point-var,population-stability-mean-5-mean,population-stability-var-5-var,population-stability-mean-10-mean,population-stability-var-10-var,population-stability-mean-100-mean,population-stability-var-100-var,population-trend-5-mean,population-trend-10-var,population-trend-100-mean,matrilocal-point-var,matrilocal-stability-mean-5-mean,matrilocal-stability-var-5-var,matrilocal-stability-mean-10-mean,matrilocal-stability-var-10-var,matrilocal-stability-mean-100-mean,matrilocal-stability-var-100-var,population-point-mean,population-stability-var-5-mean,population-stability-var-10-mean,population-stability-var-100-mean,population-trend-10-mean,matrilocal-point-mean,matrilocal-stability-var-5-mean,matrilocal-stability-var-10-mean,matrilocal-stability-var-100-mean,villages-point-var,population-stability-mean-5-var,population-stability-mean-10-var,population-stability-mean-100-var,population-trend-5-var,population-trend-100-var,matrilocal-stability-mean-5-var,matrilocal-stability-mean-10-var,matrilocal-stability-mean-100-var
4001,46.94,6472.03428571429,1533.324,4119.53617959184,1535.866,28308.91814064,1564.9778,33080827.6709906,0.999107640268586,0.000352588255070072,0.379401847486128,0,0,0,0,0,0,0,1532.92,39.088,135.720666666667,117671.944862626,0.994851874995149,0,0,0,0,3.44530612244898,6840.67410612245,7209.63208571429,4073.59540118368,8.30751591500244e-05,0.000397663493054364,0,0,0
4002,47.92,5999.46163265306,1872.016,6897.03135102041,1871.35,30256.2730642983,1838.0582,15617264.527278,1.0016007620104,0.000284508827951718,0.463301997216821,0,0,0,0,0,0,0,1873.26,61.674,141.629555555556,105776.20670101,1.00120333363466,0,0,0,0,2.60571428571429,5867.96382040816,5700.86622448979,4124.94875383674,8.89210245412426e-05,0.000374955357212942,0,0,0
4003,48.38,4989.1106122449,2134.544,3774.27946530612,2134.236,52396.9955628118,2073.394,7612880.75631221,1.00018229167992,0.000286585442232567,0.527731105134132,0,0,0,0,0,0,0,2134.54,58.882,190.696444444444,100949.061139394,1.00070892855551,0,0,0,0,1.91387755102041,4891.01884081632,4934.58520816327,4029.45085306123,6.87763310957251e-05,0.000308814408193746,0,0,0
4004,48.66,4893.56775510204,2348.424,15022.2743510204,2346.886,59287.1465419501,2272.3588,5794814.22069936,1.00167085943988,0.00026349420246206,0.580209916181526,0,0,0,0,0,0,0,2349.94,100.444,217.296666666667,100607.95229899,1.00266508270051,0,0,0,0,1.24938775510204,4565.72349387755,4458.92449387755,3223.79886383674,9.9906513757827e-05,0.000305264436353795,0,0,0
4005,48.68,5276.02285714286,2522.348,6815.03750612245,2519.918,25916.9625713782,2435.26,6891215.50928092,1.00155473112147,0.000148996907947339,0.622533439860044,0,0,0,0,0,0,0,2523.76,63.462,159.580222222222,100479.272993939,1.00286822776458,0,0,0,0,1.24244897959184,5159.79724081632,5016.90722040816,3305.06789387755,5.23016579743582e-05,0.000324707144537335,0,0,0
4006,0,0,0.004,8e-04,0.174,4.75030390526581,350.4536,30363954.378378,0,0,0,0,0.004,8e-04,0.002,2e-04,2e-04,2e-06,0,0.004,0.574888888888889,355960.871785859,0,0,0.004,0.002,2e-04,0,8e-04,0.349310204081633,447.641203102041,0,0,8e-04,2e-04,2e-06
4007,0.62,92.1751020408163,19.572,111593.626616327,49.418,1086848.61015918,529.5428,135201797.760583,0.0669435613777801,0.00587290304380647,0.00118610023709702,0.183712693877551,0.5628,0.0100059417877551,0.2814,0.00532433326379441,0.02814,0.000144460028524003,4.78,350.654,1363.04911111111,334350.478513131,0.0405864517132469,0.2866,0.135568,0.166223111111111,0.0237815191919192,1.26081632653061,280.956751020408,726.570485714286,1432.10983689796,0.0142800145971336,5.6714553904241e-06,0.066072,0.016518,0.00016518
4008,19.36,7242.16326530612,376.356,2802163.84969796,457.464,5747307.25504943,866.0454,291926122.511539,0.590804470420247,0.00750527522650574,0.0706252117548361,0.0133575918367347,0.36968,7.46126564897959e-05,0.18484,0.000450355129924918,0.018484,1.15615745080296e-05,284.8,5725.964,10007.6528888889,235704.130947475,0.508131842630074,0.4434,0.0058108,0.0420190666666667,0.00704653696969697,22.3575510204082,7981.34904489796,8181.39704489796,3518.94051106122,0.00730992858844082,0.000445164362364997,0.00541638530612245,0.00135409632653061,1.35409632653061e-05
4009,36.2,7013.64734693878,934.976,3028202.89508571,1012.096,5822866.4701033,1231.5886,67731879.2599298,0.803602492348931,0.00137536502707846,0.206443691357609,0.00081404081632653,0.2288,6.92417795918367e-07,0.1144,4.61349384933233e-06,0.01144,1.39298457148021e-07,833.16,6507.404,9644.2,155242.927355556,0.761134801444259,0.2568,0.0012416,0.0151748,0.00257595272727273,9.91836734693878,6408.60839183674,5852.84365714286,2721.54904902041,0.000973860634520395,0.000431905121458862,0.000299265306122449,7.48163265306122e-05,7.48163265306122e-07
4010,43.54,7458.54244897959,1415.652,3613477.56826531,1484.624,4341910.29092749,1561.0106,36071809.2739312,0.869176181586984,0.000457834227604052,0.325264854936053,0.000503061224489796,0.19376,6.00523469387755e-07,0.09688,2.77844746787604e-06,0.009688,8.68424629473461e-08,1314.22,6219.25,8163.036,119191.375391919,0.846540405258343,0.209,0.001031,0.0109537777777778,0.00185452525252525,5.96775510204082,7956.4845877551,8021.67165714286,4381.06821391837,0.000295444856003186,0.0004585950157093,0.000245982040816327,6.14955102040817e-05,6.14955102040816e-07
4011,46.34,4320.96489795918,1740.328,2289251.80214286,1806.782,4069305.26721638,1829.065,13121994.6153036,0.898865707452217,0.000318485683544822,0.40683750081043,0.000334244897959184,0.18036,9.34392857142857e-07,0.09018,1.79600686570925e-06,0.009018,5.63703951252371e-08,1644.88,5545.47,7494.81755555556,106088.704163636,0.878074792014735,0.2038,0.001583,0.00979433333333333,0.00163418484848485,2.71877551020408,4510.77185306123,4650.08028163266,3680.79882959184,0.000156423925191204,0.000271366085732041,0.000201092244897959,5.02730612244898e-05,5.02730612244898e-07
4012,47.56,4591.10040816327,2014.016,3222064.1874449,2080.058,4641851.89149655,2081.0776,5378729.30676559,0.910490219724749,0.000274306169309092,0.473313002056001,0.000269428571428571,0.16708,1.70038404081633e-06,0.08354,1.31388634971025e-06,0.008354,3.91796256967115e-08,1914.96,5696.852,7514.64422222222,101093.025454545,0.891960649317128,0.1986,0.0021858,0.00877295555555556,0.00143584505050505,2.3330612244898,4438.7246367347,4563.02330204081,2426.10936555102,0.000163077309244104,0.000284233050804471,0.000173095510204082,4.32738775510204e-05,4.32738775510204e-07
4013,48.38,5266.97959183673,2224.644,1318792.18016735,2288.756,3045099.1377931,2273.7542,6030953.11206146,0.927176521884862,0.000184043046338494,0.527872578060842,0.000208204081632653,0.15264,1.74500983673469e-06,0.07632,1.50712452708491e-06,0.007632,4.65624872390781e-08,2137.8,4467.394,6675.508,99612.9950929293,0.90790550653992,0.1986,0.0032294,0.00797608888888889,0.00126025535353535,1.38326530612245,5134.55720816326,4816.15843265306,2863.54514322449,9.2884918998783e-05,0.000320272992364833,0.000252969795918367,6.32424489795918e-05,6.32424489795918e-07
4014,48.84,3693.86489795918,2417.56,876814.765240816,2477.67,2030044.81164329,2446.0158,8167785.93815873,0.934556667677008,0.00011282462474938,0.575697772153423,0.000183673469387755,0.146,1.85725567346939e-06,0.073,1.56026262333081e-06,0.0073,5.32274031402876e-08,2332.82,4199.008,5988.64066666667,100477.727658586,0.919144831286391,0.194,0.0027888,0.00726373333333333,0.00115323393939394,0.790204081632653,3531.13469387755,3412.80459183673,1715.48813097959,5.48642226233284e-05,0.000234050045811717,0.000378938775510204,9.4734693877551e-05,9.4734693877551e-07
4015,0,0,0,0,0.156,13.310513681028,345.3074,25231354.5474543,0,0,0,0,0,0,0,0,0,0,0,0,0.707555555555556,354222.737610101,0,0,0,0,0,0,0,0.333534693877551,508.381501265306,0,0,0,0,0
4016,0.64,100.816734693878,19.268,181012.176963265,52.676,2134838.20306455,538.9702,126259784.55536,0.0633806014467997,0.00373688773197206,0.00120632044958748,0.182063224489796,0.53152,0.00912109329146939,0.26576,0.00423602417061426,0.026576,0.000111962802996143,4.86,339.476,1664.22844444444,331192.119092929,0.033383118460961,0.2802,0.1423406,0.156497688888889,0.0218553971717172,1.29632653061225,398.383036734694,1038.89533061224,1793.03409179592,0.0121048998858647,6.2095564782497e-06,0.0542175608163265,0.0135543902040816,0.000135543902040816
4017,15.78,5983.57714285714,329.204,5514931.03535102,429.18,15207263.6038873,855.2332,242177515.942323,0.506573939163027,0.00859221024088247,0.0565700777825311,0.00956493877551021,0.41236,2.31661249387755e-05,0.20618,0.000231182042413202,0.020618,6.24044070386691e-06,228.12,7158.534,14526.1813333333,239627.105236364,0.414118550908694,0.4906,0.0051566,0.0504786888888889,0.00853153353535354,18.7873469387755,6367.89304489796,6333.76775510204,2970.99819771429,0.00899636058498304,0.000368416801532281,0.00350199020408163,0.000875497551020408,8.75497551020408e-06
4018,33.98,6590.89142857143,895.78,13111406.9454082,1000.524,27285275.8817101,1238.4066,74246937.6832653,0.764472646513146,0.00199207927425328,0.192229082315991,0.00093730612244898,0.26072,2.61576530612245e-07,0.13036,1.02460810279667e-05,0.013036,2.96361988593417e-07,775.92,9046.41,16505.2462222222,155614.396070707,0.698029166694516,0.2888,0.000663,0.0192975555555556,0.00330910505050505,9.85673469387755,5711.90571428571,5664.68145306122,3110.38323106122,0.00195987614446092,0.000404226017374015,0.000444368979591837,0.000111092244897959,1.11092244897959e-06
4019,41,5810.36081632653,1338.196,6735533.17112245,1444.934,17483199.5840327,1564.681,19461023.8763306,0.833795988255231,0.000758717205662467,0.301825014408222,0.000346979591836735,0.22372,4.97951428571428e-08,0.11186,1.67810976518015e-06,0.011186,4.83979509241664e-08,1218.92,9088.05,16915.8864444444,119713.242955556,0.78448026347583,0.2386,0.0002326,0.0140335777777778,0.00241552343434343,5.14285714285714,4746.39753469388,4413.65290204082,2758.7762377551,0.00057580778768151,0.00035816009340402,0.000100083265306123,2.50208163265306e-05,2.50208163265306e-07
4020,43.88,4543.02040816327,1652.516,10215995.3209959,1761.186,22202892.3107494,1828.9114,9248573.16574071,0.854548845789158,0.000433433861311891,0.37697536286738,0.000197918367346939,0.21356,9.91036734693877e-09,0.10678,1.13043312723608e-06,0.010678,3.33919064127567e-08,1524,10431.732,17994.6495555556,106931.462684849,0.813918347885464,0.2198,0.0001128,0.0127400666666667,0.00219645515151515,4.76081632653061,4159.54300408164,4081.46000408164,2863.75376738776,0.000400327028856249,0.000278805270722627,7.74351020408163e-05,1.93587755102041e-05,1.93587755102041e-07
