run,villages-point-mean,population-point-var,population-stability-mean-5-mean,population-stability-var-5-var,population-stability-mean-10-mean,population-stability-var-10-var,population-stability-mean-100-mean,population-stability-var-100-var,population-trend-5-mean,population-trend-10-var,population-trend-100-mean,matrilocal-point-var,matrilocal-stability-mean-5-mean,matrilocal-stability-var-5-var,matrilocal-stability-mean-10-mean,matrilocal-stability-var-10-var,matrilocal-stability-mean-100-mean,matrilocal-stability-var-100-var,population-point-mean,population-stability-var-5-mean,population-stability-var-10-mean,population-stability-var-100-mean,population-trend-10-mean,matrilocal-point-mean,matrilocal-stability-var-5-mean,matrilocal-stability-var-10-mean,matrilocal-stability-var-100-mean,villages-point-var,population-stability-mean-5-var,population-stability-mean-10-var,population-stability-mean-100-var,population-trend-5-var,population-trend-100-var,matrilocal-stability-mean-5-var,matrilocal-stability-mean-10-var,matrilocal-stability-mean-100-var
2721,15.74,7975.42857142857,325.24,4212758.81250612,423.814,15369558.8859848,850.0882,349331967.143874,0.509324564323959,0.0119753928720562,0.0565729974331988,0.0135435102040816,0.41304,3.44070051020408e-05,0.20652,0.000393072571126228,0.020652,1.07382550827508e-05,228.4,6695.588,14052.8686666667,240750.505488889,0.414348846066368,0.4956,0.005247,0.0512488888888889,0.00866128080808081,25.0942857142857,8346.35918367347,8361.65469795918,3849.80529261224,0.013889107324686,0.000490274797213961,0.00561097795918368,0.00140274448979592,1.40274448979592e-05
2722,32.2,7522.97183673469,857.976,9186990.96661633,961.612,23402130.4683908,1201.9176,88988881.4105144,0.75482580253958,0.00228032470352071,0.182842795625526,0.00161097959183674,0.26932,4.60661387755102e-07,0.13466,1.8088353500126e-05,0.013466,5.10967923354802e-07,738.74,8896.654,16158.5382222222,161148.62849697,0.689773097355166,0.3018,0.0007928,0.0206771777777778,0.00354268343434343,12.6938775510204,6435.84104489796,5822.89087346939,3208.22550840817,0.00205488060489161,0.000462993887582901,0.000649079183673469,0.000162269795918367,1.62269795918367e-06
2723,40.36,8396.53714285714,1318.26,6323352.58746531,1423.86,15282577.007642,1538.0678,34105612.2234401,0.82999934302093,0.000822754693760473,0.295841362666175,0.000626775510204082,0.22428,5.49018775510204e-08,0.11214,2.27369112068531e-06,0.011214,6.77209805408861e-08,1196.44,9247.678,16688.5417777778,122472.656713131,0.781583887231886,0.2376,0.0002496,0.0141224666666667,0.00243025878787879,6.56163265306122,7536.66326530612,7438.16408163265,4209.44720118367,0.000642540252031495,0.000516060930890403,0.000142858775510204,3.5714693877551e-05,3.5714693877551e-07
2724,43.16,6070.48326530612,1638.448,6181638.64091837,1748.064,14419295.167124,1808.797,12823294.5554071,0.852985193212715,0.000428154634731036,0.373218803683413,0.000404448979591837,0.21352,2.50716734693878e-08,0.10676,9.84677321239607e-07,0.010676,2.91819256720576e-08,1511.08,10221.57,18060.5626666667,109087.177614141,0.813207890883574,0.2158,0.0001624,0.0127552,0.00219726545454545,5.52489795918367,5518.74213877551,5466.07908571429,3097.66933979592,0.000333854119838168,0.000373041234384136,6.94791836734694e-05,1.73697959183674e-05,1.73697959183673e-07
2725,45.44,4752.85714285714,1905.144,7071713.53428571,2014.914,15607674.7985931,2052.1152,8516783.53214384,0.868861784419226,0.000313528508141522,0.438108217298424,0.000254081632653061,0.20628,1.38244897959184e-08,0.10314,9.04163227513227e-07,0.010314,2.71230772255642e-08,1774.8,11053.68,18474.8304444444,102631.294230303,0.836170485850098,0.211,0.000128,0.0118954444444444,0.00205001313131313,3.92489795918367,4631.75843265306,4831.75428979592,4247.44636832653,0.000214554914687259,0.000293191847836649,6.87363265306122e-05,1.7184081632653e-05,1.71840816326531e-07
2726,46.46,6593.29836734694,2098.056,6945246.44295918,2209.592,10766222.2021096,2244.2678,9247840.48646936,0.881085032955809,0.000228467398177289,0.485548168642,0.000219632653061224,0.2032,1.25974244897959e-07,0.1016,1.01684668984631e-06,0.01016,3.17079800060385e-08,1969.26,10898.47,18801.568,101303.648939394,0.84733514328294,0.2074,0.0002182,0.0115902666666667,0.00199402060606061,3.27387755102041,5889.76006530613,5740.03095510204,4118.07799302041,0.000191606475654233,0.000411321990757874,8.73469387755102e-05,2.18367346938775e-05,2.18367346938776e-07
2727,46.8,4864.69755102041,2259.136,8809480.06326531,2371.202,14625363.5132437,2394.2352,5921484.93305426,0.884964270822364,0.000231757694994436,0.523454888882682,0.000118367346938775,0.20268,1.49372081632653e-07,0.10134,5.91990641975308e-07,0.010134,1.99560245934505e-08,2125.42,11942.3,19429.1051111111,101086.334460606,0.856405880505072,0.21,0.0003144,0.0115675333333333,0.00198659575757576,2.28571428571429,4278.80561632653,4081.13326122449,2778.37792342857,0.000197249765858931,0.000301476802096822,6.21404081632653e-05,1.55351020408163e-05,1.55351020408163e-07
2728,0,0,0,0,0.086,1.45153141849332,344.0716,16525655.5189749,0,0,0,0,0,0,0,0,0,0,0,0,0.256222222222222,355368.15490101,0,0,0,0,0,0,0,0.0938816326530612,531.104001469388,0,0,0,0,0
2729,0.66,54.9567346938776,17.34,107936.651677551,47.278,1545339.45380605,520.4328,128318354.209543,0.0686063903136788,0.00324394759164674,0.00107092769655909,0.192507918367347,0.543,0.0127542016901633,0.2715,0.00401906066859209,0.02715,0.000109800348535351,4.32,296.666,1400.24155555556,333928.977931313,0.0358052654088665,0.3268,0.1378642,0.157833933333333,0.0222489812121212,1.1269387755102,220.224081632653,769.485016326531,1899.89891036735,0.0114306567613246,3.37757321873887e-06,0.053847387755102,0.0134618469387755,0.000134618469387755
2730,13.54,4633.22612244898,286.72,6896154.845,389.296,18632259.0463605,831.3954,223441212.422834,0.47201366165172,0.0106274888169842,0.0473723947477848,0.0201616734693878,0.44448,8.53315992244898e-05,0.22224,0.000640337283640212,0.022224,1.70523992437033e-05,191.28,6623.17,14938.6164444444,247678.701945455,0.370913091522663,0.5366,0.0072174,0.0598989777777778,0.0100837361616162,18.8657142857143,5065.87918367347,5467.75263673469,2910.4850335102,0.0134619112976396,0.000284040094473866,0.00665919346938776,0.00166479836734694,1.66479836734694e-05
2731,32,8940.9587755102,857.868,11271036.7808531,975.388,25740240.9277714,1217.3148,97956504.8233886,0.743297872015896,0.00217251292825436,0.181385678392492,0.00113163265306122,0.2764,4.15443102040817e-07,0.1382,1.43129584802217e-05,0.01382,4.09032228745672e-07,732.98,9928.442,20043.2835555556,159052.451240404,0.666126011856843,0.315,0.0008776,0.0217585777777778,0.00372638707070707,13.3877551020408,7835.3805877551,7575.39413877551,3300.18629893877,0.00218076977231531,0.000550410988546571,0.000540571428571429,0.000135142857142857,1.35142857142857e-06
2732,38.62,7484.97959183673,1300.204,8508683.1992,1420.208,26303680.8149458,1540.1374,24275646.1143955,0.822998262428805,0.000899179934115523,0.289161515219736,0.000428571428571429,0.23384,4.86540816326531e-08,0.11692,3.68706152683296e-06,0.011692,1.07114302305679e-07,1169.6,9726.572,20637.5244444444,122864.271149495,0.758105214535235,0.26,0.000337,0.0153917777777778,0.00264632525252525,6.19959183673469,6881.88651428571,6000.99666938776,3000.03722779592,0.000754989566044842,0.000461454950633468,0.00019393306122449,4.84832653061225e-05,4.84832653061225e-07
2733,41.32,5055.63918367347,1617.252,9824010.47524898,1740.574,22778455.6488426,1819.3486,12365630.9018597,0.845553329135243,0.000536990570724638,0.365038035705273,0.000226775510204082,0.2216,1.98901632653061e-08,0.1108,1.81301090249433e-06,0.01108,5.27021404036656e-08,1477.56,11059.016,22041.1415555556,108256.446159596,0.79298469773806,0.2424,0.0002042,0.0137598222222222,0.00236927111111111,4.42612244897959,4104.40785306123,3598.81339183673,2550.00059187755,0.00043589578766087,0.000311707195758959,0.000104163265306123,2.60408163265306e-05,2.60408163265306e-07
2734,43.66,6831.55102040816,1858.404,10662839.3465306,1984.306,32334154.9402127,2038.2348,7909780.22222131,0.866158161261689,0.000575289446860766,0.424946526265039,0.00018469387755102,0.21424,6.08738775510204e-09,0.10712,9.51929868480725e-07,0.010712,2.8316077605742e-08,1722.2,10869.86,22747.5051111111,103815.939785859,0.816085575364563,0.225,8.94e-05,0.0128072,0.00220890181818182,5.73918367346939,5255.87835102041,4649.36506530612,3972.78947036734,0.000443095648270889,0.000422511096436872,6.5410612244898e-05,1.63526530612245e-05,1.63526530612245e-07
2735,44.74,6012.09632653061,2047.368,8312221.21306122,2178.65,18833712.3203187,2221.6214,6839758.36855816,0.87212106143483,0.000218632663468226,0.469632810762536,0.000153836734693878,0.21228,3.15918367346939e-09,0.10614,1.07268925422021e-06,0.010614,3.17366110007517e-08,1904.84,11722.3,24532.9277777778,102733.461905051,0.824359272879677,0.2218,6e-05,0.0125645555555556,0.0021680595959596,3.82897959183673,5465.66589387755,5374.02091836735,4440.66079187756,0.000216732466218096,0.000375532583423236,7.51036734693877e-05,1.87759183673469e-05,1.87759183673469e-07
2736,46.16,6047.68367346939,2252.916,10358433.4312816,2386.136,24186185.6929008,2422.5184,8909516.97914336,0.881934965601048,0.000355725114062394,0.519616477583644,0.000132897959183673,0.20752,2.55677551020408e-09,0.10376,6.21082057949105e-07,0.010376,1.83739091672861e-08,2110.1,11981.188,25244.5937777778,102633.948622222,0.837303400758698,0.2124,4.06e-05,0.0119925777777778,0.00206996888888889,3.40244897959184,5123.28831020408,4573.81133061224,2491.26788310204,0.000268477843245214,0.000379702971563858,4.4662857142857e-05,1.11657142857143e-05,1.11657142857143e-07
2737,49.94,6392.25510204082,2228.184,161590.627771429,2265.234,1201305.75296674,3752.0006,7082335682.62173,0.973061859325616,0.000215736968204645,0.261725769891026,0,0,0,0,0,0,0,2197.3,651.772,2189.10777777778,2236365.44379596,0.942614426518906,0,0,0,0,0.0575510204081633,6307.40871836734,6421.47575918367,2773.88249146939,8.28742238842994e-05,9.04290147974335e-05,0,0,0
2738,50,8715.14326530612,4557.208,102075.780718367,4572.942,604788.656196977,5472.244,3829699210.53255,0.994497130903177,0.000122454437881223,0.511261701890009,0,0,0,0,0,0,0,4545.14,241.136,719.469111111111,1113017.43477172,0.987982166343337,0,0,0,0,0,8411.25707755102,7952.22493469387,3678.91432653061,3.91136545796335e-05,0.000112055987077247,0,0,0
2739,50,10374.073877551,6662.516,83872.8222693878,6663.668,542583.299671252,7138.47,1590824311.76747,1.00080375512522,8.42504777158292e-05,0.71122594167006,0,0,0,0,0,0,0,6665.74,187.824,562.837333333333,436189.726565657,0.99962649983961,0,0,0,0,0,10064.700555102,9434.76344489795,3094.0675510204,2.25447756719444e-05,0.00011687322350373,0,0,0
2740,50,8952.94857142857,8414.756,231955.737832653,8411.642,902010.842122499,8627.7658,232162564.087392,1.00043730009141,7.29599491278581e-05,0.854607656838616,0,0,0,0,0,0,0,8415.52,316.918,737.106,131919.9722,1.00097073952803,0,0,0,0,0,7956.98986122451,6908.36575102042,2468.59150240816,2.53794165070281e-05,8.95439735855833e-05,0,0,0
