run,villages-point-mean,population-point-var,population-stability-mean-5-mean,population-stability-var-5-var,population-stability-mean-10-mean,population-stability-var-10-var,population-stability-mean-100-mean,population-stability-var-100-var,population-trend-5-mean,population-trend-10-var,population-trend-100-mean,matrilocal-point-var,matrilocal-stability-mean-5-mean,matrilocal-stability-var-5-var,matrilocal-stability-mean-10-mean,matrilocal-stability-var-10-var,matrilocal-stability-mean-100-mean,matrilocal-stability-var-100-var,population-point-mean,population-stability-var-5-mean,population-stability-var-10-mean,population-stability-var-100-mean,population-trend-10-mean,matrilocal-point-mean,matrilocal-stability-var-5-mean,matrilocal-stability-var-10-mean,matrilocal-stability-var-100-mean,villages-point-var,population-stability-mean-5-var,population-stability-mean-10-var,population-stability-mean-100-var,population-trend-5-var,population-trend-100-var,matrilocal-stability-mean-5-var,matrilocal-stability-mean-10-var,matrilocal-stability-mean-100-var
1041,49.94,5486.08326530612,9915.024,170898232.487608,10465.486,918629430.106058,10972.2744,87781698.4792855,0.906109662952071,3.34980233448244e-05,0.879178412205154,8.00000000000001e-06,0.19992,1.28e-10,0.09996,3.27150617283949e-09,0.009996,1.05902695643302e-10,9453.28,145698.588,402139.064222222,73760.3198060606,0.85807132647535,0.1996,1.6e-06,0.0111030222222222,0.00191773656565657,0.0575510204081633,5833.87043265307,5786.04490204083,1068.05846595919,1.49198234728898e-05,4.91040701100492e-05,3.20000000000001e-07,8.00000000000001e-08,8.00000000000004e-10
1042,50,5977.6506122449,10869.956,236407343.752245,11448.856,1509485807.88643,11947.3172,103482238.203516,0.906119441154838,4.05221124385387e-05,0.927074108815451,0,0.2,0,0.1,0,0.01,0,10371.68,174197.68,450836.023111111,87331.2197212121,0.862225989886921,0.2,0,0.0111111111111111,0.00191919191919192,0,7556.44292244897,7448.30863673469,1881.31373485714,1.30991415100868e-05,5.21843029815982e-05,0,0,0
1043,50,3081.33224489796,11675.308,275449598.1898,12283.402,1523343775.9434,12781.6584,77075816.9304039,0.90452128204266,3.07028645838141e-05,0.958462328813041,0,0.2,0,0.1,0,0.01,0,11133.88,207779.686,504145.536222222,111337.210929293,0.863680168940647,0.2,0,0.0111111111111111,0.00191919191919192,0,4409.32279183674,4537.93652653061,1196.89478514285,1.06076353765875e-05,2.23927049558961e-05,0,0,0
1044,50,4645.55102040816,12399.212,288908726.026465,13035.026,1315671637.5424,13534.9692,75614935.3228953,0.903514754322711,2.2290765542852e-05,0.982740402472241,0,0.2,0,0.1,0,0.01,0,11822.8,239055.892,556109.562,137846.19630303,0.864822127198409,0.2,0,0.0111111111111111,0.00191919191919192,0,5563.22189387754,5349.20359591835,611.583583020408,9.55273875643906e-06,3.37859701291709e-05,0,0,0
1045,50,19060.2759183673,4981.388,381583.652363265,5023.504,2465952.16189992,6496.7892,16925523334.6635,0.987697457116304,7.44785565703576e-05,0.512230992623447,0,0,0,0,0,0,0,4951.36,738.078,2902.76977777778,1721951.64228283,0.970429736233084,0,0,0,0,0,19160.8316897959,19076.7644734694,7790.83439118368,3.12270282354158e-05,0.000202354916526622,0,0,0
1046,50,25743.786122449,9622.364,190154.943106122,9627.228,1513484.83782635,9900.9664,719265457.39037,0.999190321181466,6.9323962165112e-05,0.929453822840764,0,0,0,0,0,0,0,9618.64,335.366,949.365333333333,81829.3413656566,0.998037125883123,0,0,0,0,0,25727.0068408163,24373.9012408163,11445.0148153469,2.05400671676662e-05,0.000235724816090768,0,0,0
1047,50,28591.6118367347,13746.152,799181.827689796,13743.792,7410427.65977203,13238.4002,3494855944.68019,1.00000756744773,7.53926867372601e-05,1.24703249810663,0,0,0,0,0,0,0,13744.98,636.092,2044.65155555556,416555.698466667,1.00053877459583,0,0,0,0,0,29466.7992816327,28995.830955102,8492.19281424488,1.9988690401204e-05,0.000241417553320013,0,0,0
1048,50,16879.1363265306,17157.512,791910.901146939,17143.368,7894562.66010582,16261.3486,14188499971.614,1.0016438751696,5.45870719021858e-05,1.4679715164318,0,0,0,0,0,0,0,17169.92,797.874,2510.05111111111,1746110.34480606,1.00252971954387,0,0,0,0,0,15947.2312816326,14791.9658938776,6098.73971432654,1.34795447292975e-05,0.000129019284830259,0,0,0
1049,50,21505.5983673469,19893.48,1776911.08842449,19891.322,9489759.48275742,18867.9358,16478668792.8835,0.999841934248534,4.1381841455375e-05,1.60896369418527,0,0,0,0,0,0,0,19891.44,871.688,2386.506,3138433.39793333,1.00073691977567,0,0,0,0,0,20758.2644897959,20782.9090979591,3978.89073914283,1.32104139125409e-05,0.000140156357798375,0,0,0
1050,50,17460.0065306122,22163.592,3463782.03467755,22183.954,12252825.513797,21162.7412,22046731791.3996,0.998490214987041,4.14761642438238e-05,1.70071693658266,0,0,0,0,0,0,0,22147.56,1365.196,3533.35711111111,4359091.17016162,0.996903442132881,0,0,0,0,0,14905.7762612245,12640.5004938776,4076.25281893875,1.40681654354321e-05,0.000113969702798102,0,0,0
1051,50,15454.9697959184,24213.856,903524.906159184,24219.764,15895750.2796964,23159.8,20610217124.7625,0.999907489915621,3.65192367346294e-05,1.77097008077716,0,0,0,0,0,0,0,24213.64,877.358,3176.57066666667,5330403.05800404,0.999381498350627,0,0,0,0,0,14095.3110857143,12840.798677551,2468.7867102041,8.69853918712327e-06,0.000101406481379329,0,0,0
1052,50,15216.7791836735,25916.256,1007717.77010612,25919.964,9046848.63337868,24899.053,21891440671.296,1.00019315813488,2.70074710977325e-05,1.80984830550052,0,0,0,0,0,0,0,25919.42,787.064,2974.09777777778,6004447.85356566,0.999611323675433,0,0,0,0,0,13666.5910857143,10189.7129632653,1809.95669489796,6.85803676085073e-06,7.52030143359436e-05,0,0,0
1053,50,16967.6248979592,27412.536,2138894.45536327,27412.158,11059161.9805997,26435.7754,19232090765.9814,1.00012622704999,1.86461477988505e-05,1.83269859969729,0,0,0,0,0,0,0,27414.26,1028.112,2290.96822222222,6451203.39158182,0.999953132404375,0,0,0,0,0,16706.9215346939,15285.6302408163,2567.10009065306,7.55215720461887e-06,8.14496364853265e-05,0,0,0
1054,49.08,16530.9975510204,4498.528,46779154.5751184,4761.466,206006235.509628,6450.629,12776711623.2091,0.891313978702014,0.000162249821578119,0.440179647093723,7.67755102040817e-05,0.19772,7.8171836734694e-09,0.09886,8.16925820105818e-08,0.009886,2.70510367284472e-09,4255.68,40593.172,95813.5353333333,1828356.80989697,0.840650108354684,0.1974,6.46000000000001e-05,0.0108902444444444,0.00187869313131313,0.850612244897959,17032.8649142857,16860.4031061225,5530.62689897959,7.74305520209315e-05,0.000176922631895522,8.49142857142859e-06,2.12285714285715e-06,2.12285714285714e-08
1055,50,19462.8934693878,9045.208,60890345.1384694,9342.242,312980411.209431,9860.8864,1080709230.64228,0.915575371929804,4.9417616664438e-05,0.834845499427449,8.00000000000001e-06,0.16816,1.72042448979592e-06,0.08408,4.96921541950114e-07,0.008408,1.63147611176702e-08,8639.38,100700.59,143518.933111111,119811.482246465,0.895416762831213,0.1996,0.002576,0.009024,0.00146501818181818,0,20312.9027918368,20564.5139142858,9284.59803167348,1.00571458734573e-05,0.000178501226350982,8.87902040816327e-05,2.21975510204082e-05,2.21975510204082e-07
1056,50,18010.5816326531,13214.6,96870199.3304041,13481.682,539262261.282648,13235.0274,5219316808.14669,0.947304875614846,5.47019968185656e-05,1.16542717765859,0.000261877551020408,0.1268,1.70299363265306e-06,0.0634,1.44336367649282e-06,0.00634,4.08147015875515e-08,12848.3,79845.002,116220.977555556,430422.207141414,0.934898655603744,0.1856,0.0033768,0.00604951111111111,0.000922122828282828,0,18439.9167346939,19360.3235469388,8705.69630534696,9.52844456447121e-06,0.000164992475360968,0.000303183673469388,7.57959183673469e-05,7.5795918367347e-07
1057,50,14325.0432653061,16593.636,96443495.6552,16841.528,397987858.582417,16234.7814,8683770939.60302,0.963662642939764,3.63649270951992e-05,1.39215332195467,0.000473632653061224,0.10808,1.73929534693878e-06,0.05404,1.79786004736709e-06,0.005404,4.53715395065477e-08,16286.76,59094.152,95952.7653333333,1677053.48311717,0.953296848590474,0.1572,0.0024416,0.00443013333333333,0.000676419393939394,0,14030.2999020408,12360.2575673469,4600.85441636733,9.55087558185594e-06,0.000104138654313736,0.000367993469387755,9.19983673469388e-05,9.19983673469388e-07
1058,50,13447.3636734694,19385.108,144278391.893147,19631.532,600355577.76246,18851.0714,13624288812.1435,0.970768477256687,3.12125722223798e-05,1.54518742961181,0.000734040816326531,0.09128,1.47009893877551e-06,0.04564,1.8541067755102e-06,0.004564,4.4967950729559e-08,19103.06,52121.646,92421.3937777778,3096232.58748889,0.960965653399472,0.1408,0.0021752,0.00341004444444444,0.000509909494949495,0,13376.0607510204,12447.0107918367,4020.49498779593,1.02969555290877e-05,9.87696226453069e-05,0.00047326693877551,0.000118316734693878,1.18316734693878e-06
1059,50,10916.526122449,21734.736,136041364.670057,21968.174,650515204.510848,21139.3542,20653557082.7517,0.976080325535872,3.23014288510973e-05,1.64993286506776,0.000637387755102041,0.08064,6.50533224489796e-07,0.04032,1.40710874074074e-06,0.004032,3.86460271574121e-08,21481.62,43677.588,82108.7473333333,4332716.00049899,0.96747362884886,0.1256,0.0017688,0.0027344,0.000407985454545455,0,13781.9958204082,15360.4154326531,4764.19127383672,9.54130209617804e-06,7.16316510782535e-05,0.000521377959183674,0.000130344489795918,1.30344489795918e-06
1060,50,12574.3118367347,23773.292,112325899.197567,24000.978,475475699.717043,23131.7702,16833692222.3488,0.979898801986454,2.32259319218672e-05,1.72236277838483,0.00108424489795918,0.07904,1.33922024489796e-06,0.03952,1.67804665356513e-06,0.003952,4.10924567707169e-08,23547.88,37183.428,76120.8077777778,5299175.1893596,0.971940976559041,0.1212,0.0016904,0.00264231111111111,0.000394930101010101,0,15926.1717714285,15192.9372612245,3920.63665914284,8.0071833605453e-06,6.61790329987027e-05,0.000571794285714286,0.000142948571428571,1.42948571428571e-06
