run,villages-point-mean,population-point-var,population-stability-mean-5-mean,population-stability-var-5-var,population-stability-mean-10-mean,population-stability-var-10-var,population-stability-mean-100-mean,population-stability-var-100-var,population-trend-5-mean,population-trend-10-var,population-trend-100-mean,matrilocal-point-var,matrilocal-stability-mean-5-mean,matrilocal-stability-var-5-var,matrilocal-stability-mean-10-mean,matrilocal-stability-var-10-var,matrilocal-stability-mean-100-mean,matrilocal-stability-var-100-var,population-point-mean,population-stability-var-5-mean,population-stability-var-10-mean,population-stability-var-100-mean,population-trend-10-mean,matrilocal-point-mean,matrilocal-stability-var-5-mean,matrilocal-stability-var-10-mean,matrilocal-stability-var-100-mean,villages-point-var,population-stability-mean-5-var,population-stability-mean-10-var,population-stability-mean-100-var,population-trend-5-var,population-trend-100-var,matrilocal-stability-mean-5-var,matrilocal-stability-mean-10-var,matrilocal-stability-mean-100-var
3341,49.96,15682.4934693878,8650.104,227327872.740445,9114.37,991942970.059707,9834.9552,1333624875.9413,0.897694043774609,5.98396255713142e-05,0.793615941797196,0,0.2,0,0.1,0,0.01,0,8213.42,131598.142,298874.136222222,166591.304080808,0.857054377753371,0.2,0,0.0111111111111111,0.00191919191919192,0.0391836734693878,17286.3056979592,17449.6719387755,7091.12954383671,2.71954608034678e-05,0.000145081463350116,0,0,0
3342,50,11742.6955102041,12588.44,475811086.958433,13158.06,1736774779.41287,13204.5478,3342290082.02947,0.89690350836997,4.20638705543971e-05,1.08276021064687,0,0.19368,1.30092408163265e-07,0.09684,1.27375004283195e-07,0.009684,5.41624432392363e-09,11941.28,293835.844,492328.181333333,438744.375989899,0.870105466856221,0.2,0.0003088,0.0105632888888889,0.00181333898989899,0,13393.5869387755,13553.3604081633,8539.36314812246,1.08436134332887e-05,0.000104524787185656,2.22628571428572e-05,5.5657142857143e-06,5.56571428571428e-08
3343,50,15392.9424489796,15868.74,596036718.278061,16481.476,2739517355.40128,16216.3756,14010244293.2563,0.904378136698212,3.60653950320644e-05,1.28910116471866,0,0.18,1.45149453061225e-06,0.09,1.78032423280423e-07,0.009,1.08127033261496e-08,15080.42,408245.81,600216.972,1696799.20797576,0.882245295210148,0.2,0.0017144,0.00978186666666667,0.00162725333333333,0,16085.4942857143,15216.5496163266,5494.79737616326,6.83390112129408e-06,0.000116291281814722,7.31428571428571e-05,1.82857142857143e-05,1.82857142857143e-07
3344,50,19629.5710204082,18665.304,1055420499.56151,19287.636,3557802569.2402,18836.2334,25039748197.4765,0.912746407225229,2.76430814459607e-05,1.43863009997225,0,0.17,1.14568881632653e-06,0.085,1.94051974804737e-07,0.0085,9.49572704426246e-09,17784.98,460597.218,636708.930666667,3112753.83167879,0.893181065578673,0.2,0.0023136,0.00907368888888889,0.00148314262626263,0,23303.4828408164,24308.5243918367,6773.37669636733,7.76669215922351e-06,0.000125358643846713,6.48163265306123e-05,1.62040816326531e-05,1.62040816326531e-07
3345,50,10940.1734693878,21017.508,882028086.24929,21623.294,3117379644.94472,21109.6134,23084149725.4004,0.92352419190309,2.00599468369563e-05,1.54667749535017,0,0.16064,2.0648e-06,0.08032,5.04181002771479e-07,0.008032,2.29660166455318e-08,20139.9,435691.664,603226.690888889,4335729.72014747,0.90596746342073,0.2,0.002612,0.00837244444444444,0.00135116767676768,0,13033.5905469388,13415.8344530612,5014.4642800408,5.76450310774597e-06,6.22516955089024e-05,0.000159582040816327,3.98955102040816e-05,3.98955102040816e-07
3346,50,11903.6771428571,23048.816,758942061.739873,23629.754,3366476083.43231,23095.6556,20032108506.6921,0.934013768546925,2.27811019520122e-05,1.62550141923046,3.2e-05,0.14888,2.08555102040816e-06,0.07444,7.48905013857395e-07,0.007444,2.30909726412757e-08,22225.58,385464.382,548371.764222222,5266701.57935354,0.918052166700295,0.1992,0.00344,0.00772666666666667,0.00120951515151515,0,12551.6128,11450.4588612245,2560.19247820407,5.09295714839814e-06,6.66854715630654e-05,0.000149740408163265,3.74351020408163e-05,3.74351020408163e-07
3347,50,12843.0534693878,24790.44,1242646909.98296,25360.688,4824999455.68223,24835.4686,14150793095.7995,0.941210652061215,2.97514383922328e-05,1.6763055494385,0.000121469387755102,0.13808,2.29925942857143e-06,0.06904,1.09061630839002e-06,0.006904,3.88155420535597e-08,24011.74,351909.552,520552.059555556,5925856.30099596,0.925955177195148,0.1936,0.0034424,0.00690986666666667,0.00106834424242424,0,13282.9436734694,12126.494955102,3367.69329391834,7.62797230433476e-06,5.48481279440522e-05,0.000307748571428571,7.69371428571429e-05,7.69371428571429e-07
3348,50,6772.20571428571,26317.94,1000224800.62361,26871.812,3488821209.52811,26386.4148,15350083746.3459,0.947423887322262,1.91270711515409e-05,1.71061766291364,0.000337795918367347,0.1312,2.15121240816327e-06,0.0656,1.50129951927438e-06,0.00656,4.28818850861116e-08,25585.72,314958.492,483189.552,6426171.60616566,0.932776529639088,0.1836,0.0027472,0.00607893333333333,0.000950099393939394,0,7898.7987755102,9217.55495510201,1596.06636424491,6.05754181790834e-06,3.79992955715178e-05,0.000280816326530612,7.02040816326531e-05,7.02040816326531e-07
3349,0,0,0.036,0.0886571428571429,0.16,2.56764404132023,343.0838,13080415.6514856,0,0,0,0,0,0,0,0,0,0,0,0.054,0.377333333333333,354677.404814141,0,0,0,0,0,0,0.0321469387755102,0.447755102040816,332.462868938775,0,0,0,0,0
3350,7,922.963673469388,61.948,1779.92245306122,72.578,20463.8496712018,531.9266,146595062.372239,0.753354892807614,0.0199969822466717,0.0135506733730167,0,0,0,0,0,0,0,54.66,46.086,196.092222222222,329994.538709091,0.560273738007387,0,0,0,0,9.71428571428571,1051.55560816327,1247.69889387755,1676.54396983673,0.022951505802819,5.67306794931945e-05,0,0,0
3351,29.48,6862.64326530612,483.748,5824.49173877551,497.716,49653.1289421013,846.4638,196222427.620895,0.952153698191052,0.00200655604354206,0.117008361392057,0,0,0,0,0,0,0,472.36,102.036,337.941777777778,235192.633238384,0.899204657297541,0,0,0,0,15.0302040816327,6705.53438367347,6420.68545306123,2920.78181995918,0.000613551264450954,0.000420579570064276,0,0,0
3352,42.18,7502.59428571429,1056.388,2144.69247346939,1062.618,10763.5146818342,1215.346,86525680.4786246,0.990541689875901,0.000302746962398846,0.26032471739046,0,0,0,0,0,0,0,1051.76,49.924,115.792666666667,155119.154088889,0.979950057577435,0,0,0,0,6.92612244897959,7412.32066938775,7286.6149755102,3766.8132,0.000133231385039145,0.000459968223514863,0,0,0
3353,46.5,8070.97959183674,1526.196,9124.61826938776,1528.176,37189.6684210632,1546.4532,29604174.8725083,0.99742850607666,0.00043237615081879,0.376967644176985,0,0,0,0,0,0,0,1524.6,65.764,150.739555555556,119417.869531313,0.996066747504267,0,0,0,0,3.31632653061225,7638.28814693878,7243.27696326531,3988.38956506123,0.000150312721624233,0.000494968811550066,0,0,0
3354,47.38,4688.80040816327,1844.188,6562.19969387755,1844.418,15474.8945790375,1815.3556,11428439.4826294,1.00091571793074,0.000251451969562606,0.455753679248917,0,0,0,0,0,0,0,1845.66,68.19,130.527333333333,106257.635042424,1.00009416010536,0,0,0,0,1.75061224489796,4688.3272,4758.47415918368,2739.40536391837,0.000110102596156352,0.000284973946765764,0,0,0
3355,47.7,8073.58734693878,2095.704,1924.74765714286,2095.63,24521.7685543462,2042.957,9954770.61707682,1.00194596172169,0.000170648397339171,0.517718379711591,0,0,0,0,0,0,0,2098.38,45.164,119.162888888889,101897.340907071,1.00103999728712,0,0,0,0,2.8265306122449,8225.55631020408,8229.16581632653,5881.42944183673,4.68787421233028e-05,0.000492228056325666,0,0,0
3356,48.36,5617.45673469388,2330.52,5458.73250612245,2330.83,35559.5440212144,2256.7342,7069528.36061612,0.999923190000386,0.00018593516052984,0.574538325965092,0,0,0,0,0,0,0,2330.18,56.212,169.646,101257.490462626,0.999096938821426,0,0,0,0,1.50040816326531,5572.6612244898,5183.99969387755,3869.24570648979,5.3860758875109e-05,0.000349948531206611,0,0,0
3357,48.58,4838.57142857143,2507.508,4739.49386122449,2509.806,31345.0891801965,2431.0032,10376374.5976648,0.999804682663896,0.000120585625851507,0.617918637125382,0,0,0,0,0,0,0,2507.6,66.896,146.347333333333,100831.858561616,0.997573742287687,0,0,0,0,1.30979591836735,4881.95626122449,5048.84873877551,3767.72899363265,5.59373826892832e-05,0.000295880251724493,0,0,0
3358,0,0,0.016,0.2048,0.168,13.2962793650794,341.8488,20271442.3142769,0,0,0,0,0.004,8e-04,0.002,2e-04,2e-04,2e-06,0,0.064,0.632,355107.273349495,0,0,0.004,0.002,2e-04,0,0.0128,0.6112,469.990329142857,0,0,8e-04,2e-04,2e-06
3359,0.6,37.3228571428571,17.884,98817.8428571429,48.944,1065751.17666919,525.6856,106397486.735462,0.0843260476789132,0.00340534774913516,0.000976624148206744,0.194651469387755,0.55204,0.00884158998269388,0.27602,0.00290090255608415,0.027602,8.5491927742005e-05,3.94,286.6,1413.75333333333,332481.125527273,0.0392527187782602,0.3134,0.1315536,0.156458911111111,0.0222409537373737,0.816326530612245,187.182187755102,573.74986122449,1964.64416391837,0.0170532491269931,2.29358414205449e-06,0.0489981208163265,0.0122495302040816,0.000122495302040816
3360,16.26,5664.04081632653,340.444,5096661.37836735,441.758,18100014.894191,862.079,271419243.314542,0.523742375011853,0.00774858594862688,0.0593373814347149,0.00616881632653061,0.40348,1.36474439183674e-05,0.20174,0.000194709853640212,0.020174,5.40397360947796e-06,239.6,6968,14804.3615555556,238332.240680808,0.424899067679993,0.4684,0.0038164,0.0477377555555556,0.00810683414141414,17.8289795918367,6300.42333061225,6721.19799591837,3417.60376020408,0.0085051852528962,0.000347889348635149,0.00301384653061225,0.000753461632653061,7.53461632653061e-06
