run,villages-point-mean,population-point-var,population-stability-mean-5-mean,population-stability-var-5-var,population-stability-mean-10-mean,population-stability-var-10-var,population-stability-mean-100-mean,population-stability-var-100-var,population-trend-5-mean,population-trend-10-var,population-trend-100-mean,matrilocal-point-var,matrilocal-stability-mean-5-mean,matrilocal-stability-var-5-var,matrilocal-stability-mean-10-mean,matrilocal-stability-var-10-var,matrilocal-stability-mean-100-mean,matrilocal-stability-var-100-var,population-point-mean,population-stability-var-5-mean,population-stability-var-10-mean,population-stability-var-100-mean,population-trend-10-mean,matrilocal-point-mean,matrilocal-stability-var-5-mean,matrilocal-stability-var-10-mean,matrilocal-stability-var-100-mean,villages-point-var,population-stability-mean-5-var,population-stability-mean-10-var,population-stability-mean-100-var,population-trend-5-var,population-trend-100-var,matrilocal-stability-mean-5-var,matrilocal-stability-mean-10-var,matrilocal-stability-mean-100-var
3641,50,20169.7208163265,19867.904,1124905.69877551,19869.142,18315264.8183799,18877.1956,17707238398.17,0.999998199566249,5.66410046569679e-05,1.60675051138964,0,0,0,0,0,0,0,19867.56,961.86,3477.86644444444,3143605.09625859,0.999876957734038,0,0,0,0,0,18420.0395755101,15946.0469755102,4750.72943330609,1.39153806523797e-05,0.000129853113923063,0,0,0
3642,50,22227.3289795918,22229.852,3571150.80906531,22232.536,20394032.2611048,21148.3554,33502202220.2331,0.999246300146506,5.7219328052027e-05,1.70685601336885,0,0,0,0,0,0,0,22220.24,1325.046,3895.22755555556,4368765.48595758,0.99934995050978,0,0,0,0,0,18524.5809142856,15720.938677551,4796.7865233061,1.57855136596295e-05,0.00014161562752679,0,0,0
3643,50,11679.5612244898,24216.724,815299.211122449,24214.958,6621486.26839552,23146.7816,17620082643.7675,1.0000026752567,2.44166038291879e-05,1.77116039470499,0,0,0,0,0,0,0,24216.7,700.79,2186.50644444444,5295389.44560404,1.00033390429027,0,0,0,0,0,10214.1467591837,7732.43717959184,3203.684850449,6.88527609201329e-06,7.28318889488968e-05,0,0,0
3644,50,13277.9351020408,25924.372,1358532.77832245,25921.45,8816398.42385734,24898.1042,21640088432.9346,1.00011462672432,2.83014105960762e-05,1.8104591512995,0,0,0,0,0,0,0,25924.06,970.538,2798.178,6019410.1081596,1.00030679589489,0,0,0,0,0,11746.1828734694,9181.53397959182,3481.06475955103,8.25910254793464e-06,7.03545675418596e-05,0,0,0
3645,50,9150.74489795918,27446.128,1456355.94989796,27448.03,4622637.5732971,26440.8252,21065205615.7066,0.999415596412117,1.8729727340049e-05,1.83411172889741,0,0,0,0,0,0,0,27435.9,983.79,2094.69711111111,6460293.69120808,0.999572302200258,0,0,0,0,0,8979.19144489797,7989.56091836735,1476.21668261225,6.81995515900264e-06,4.02824320465793e-05,0,0,0
3646,49.36,9973.6506122449,4526.3,76688253.8303061,4791.804,216473103.020796,6470.8632,13341835562.5335,0.886538174957853,0.000124296726141865,0.441273127362983,3.79183673469388e-05,0.19764,1.51838367346939e-08,0.09882,9.36892118921642e-08,0.009882,3.18787454178979e-09,4267.32,45313.81,99280.2328888889,1836623.88985859,0.838100047457363,0.1978,6.28000000000001e-05,0.0108811777777778,0.00187719252525253,0.439183673469388,10086.0836734694,11206.7142693878,6490.41951608163,0.000107871530922678,0.000105019301188587,1.03983673469388e-05,2.5995918367347e-06,2.59959183673469e-08
3647,50,25590.7820408163,9046.128,61687699.739902,9340.11,266588389.415232,9877.8338,1623515627.99789,0.914350381912696,6.0579258981618e-05,0.833884247843983,0,0.1664,1.3404532244898e-06,0.0832,6.66401862433863e-07,0.00832,2.68483268944235e-08,8630.44,103095.436,142511.835333333,122118.293654545,0.895491961787183,0.2,0.0023928,0.00879662222222222,0.00143240565656566,0,26168.9743020408,24242.863367347,9380.00026485713,1.12209352828653e-05,0.000242681182628613,0.000153469387755102,3.83673469387755e-05,3.83673469387755e-07
3648,50,17820.926122449,13187.2,124407015.240412,13463.034,489769180.391564,13233.1068,3198241717.07675,0.947274933503891,5.00105659524078e-05,1.16265794923911,0.000593632653061225,0.1236,2.82912653061225e-06,0.0618,2.8238659611993e-06,0.00618,7.17595655420417e-08,12822.18,79794.414,121254.226444444,403630.389159596,0.933125318050761,0.1768,0.002944,0.00568222222222222,0.000874420202020202,0,19133.0742857143,19262.8459632653,8028.85604669387,1.19784212391825e-05,0.00015197573491509,0.000478204081632653,0.000119551020408163,1.19551020408163e-06
3649,50,17546.0510204082,16601.772,152422928.587576,16856.564,774498347.38931,16241.6424,13505030381.0982,0.962397027480117,5.13734913517343e-05,1.39167310578869,0.00095934693877551,0.09944,1.80306024489796e-06,0.04972,1.85148701637692e-06,0.004972,4.30793831626511e-08,16283.7,63505.176,102503.456888889,1671758.63370909,0.951790208884548,0.1472,0.0023664,0.00390231111111111,0.000587984646464647,0,19133.2604244898,20373.0190857142,4780.43994922447,1.32437473577673e-05,0.000136216290969946,0.000381394285714286,9.53485714285715e-05,9.53485714285714e-07
3650,50,17198.7657142857,19357.088,101466499.260657,19599.934,551974962.573102,18861.8736,14129312722.3462,0.97113803850584,3.89386732789958e-05,1.54309556392989,0.00106122448979592,0.08056,1.166592e-06,0.04028,1.51586782363316e-06,0.004028,3.64407882217766e-08,19078.64,50444.434,90110.0793333333,3088516.45246061,0.961200433569108,0.12,0.0015472,0.00263671111111111,0.000399170101010101,0,19131.1480163265,20251.7288204081,4108.70376228571,7.93153517670507e-06,0.000111115034941522,0.000537475918367347,0.000134368979591837,1.34368979591837e-06
3651,50,10797.7812244898,21751.876,104042474.333616,21980.328,514225851.583435,21139.8094,13694352746.0074,0.976002150009339,2.65843070875107e-05,1.65079035347631,0.00112065306122449,0.06984,6.60790857142857e-07,0.03492,1.46623507382212e-06,0.003492,3.82638319498427e-08,21494.88,43901.184,79292.3235555556,4290651.84520202,0.967970995209583,0.1024,0.0010336,0.00197413333333333,0.000303401212121212,0,10763.5606367346,10324.1971591837,3490.57706289799,7.71739345000136e-06,7.37683935438076e-05,0.000587239183673469,0.000146809795918367,1.46809795918367e-06
3652,50,17748.3465306122,23792.58,95685588.2884939,24010.402,447184588.230355,23123.9304,16137412548.7893,0.97979660885353,2.22215038183441e-05,1.72320724905837,0.00127738775510204,0.06,6.13212081632653e-07,0.03,1.32537069488536e-06,0.003,3.32946802939309e-08,23562.02,37349.974,71240.1095555556,5272421.46812929,0.972916913993218,0.0904,0.0011496,0.00167146666666667,0.000246904242424242,0,19487.7718367347,19082.7814244897,2354.00419167346,7.32587561133097e-06,0.000102963393121194,0.000589714285714286,0.000147428571428571,1.47428571428571e-06
3653,50,9552.97959183673,25502.492,115049566.136935,25724.436,688132718.330482,24868.8692,17670557064.2591,0.981955777757003,2.49861876215697e-05,1.76559185041592,0.000923428571428571,0.0584,4.32303020408163e-07,0.0292,7.79310181909801e-07,0.00292,1.85112872004314e-08,25285.2,34276.502,72428.5942222222,5934094.76008485,0.974456018450121,0.0848,0.0010048,0.00149528888888889,0.00022173898989899,0,9254.41666938776,9538.64398367347,2743.41592587755,7.45963814661241e-06,5.4927813876983e-05,0.000372244897959184,9.30612244897959e-05,9.30612244897959e-07
3654,50,10885.8126530612,27005.248,72146184.1160204,27221.15,584000206.810855,26415.3934,14554959716.2183,0.984388142406024,2.09384565457951e-05,1.79258018867228,0.00135918367346939,0.05128,6.47147102040817e-07,0.02564,7.04005651801461e-07,0.002564,1.52921312742348e-08,26811.06,28716.89,66911.7966666667,6409691.02264444,0.97713561044473,0.078,0.0008928,0.00123617777777778,0.000181056161616162,0,11835.8147918368,11688.8107142857,1775.38185555101,4.95042730953605e-06,5.76840525915974e-05,0.000400124081632653,0.000100031020408163,1.00031020408163e-06
3655,46.86,22040.9081632653,4424.968,62436865.6787102,4726.548,283556441.104076,6448.4304,20495776486.6193,0.88126116191565,0.000177453058050277,0.42715457848077,6.13877551020408e-05,0.20256,1.51118367346939e-09,0.10128,3.70999929453264e-08,0.010128,1.01888623843048e-09,4129.5,46502.608,122604.656444444,1855647.79721616,0.815837332364001,0.2128,4.47999999999999e-05,0.0114179555555556,0.00197056323232323,1.79632653061225,21934.6699755102,22212.8825469388,8677.48072636736,0.000110297329020727,0.000234682114613712,2.45551020408164e-06,6.13877551020409e-07,6.13877551020413e-09
3656,49.98,13003.0710204082,8715.692,273525370.316327,9176.708,1388997719.93543,9853.8836,1061385613.07297,0.894409593027033,7.76183628856776e-05,0.798507938075147,0,0.19992,1.28e-10,0.09996,3.27150617283949e-09,0.009996,1.05902695643302e-10,8263.52,143502.18,301126.445333333,154171.634307071,0.857000478194305,0.2,1.6e-06,0.0111030222222222,0.00191773656565657,0.02,13411.5562612245,14084.0836081633,7043.65437453061,3.01669371389779e-05,0.000122919352340101,3.20000000000001e-07,8.00000000000001e-08,8.00000000000004e-10
3657,50,16254.7118367347,12625.836,449356029.568674,13177.624,1609304991.27881,13204.0272,3573340291.71687,0.898250110731068,3.66535857761764e-05,1.08624936255251,0,0.18872,6.83102693877551e-07,0.09436,1.06531934492315e-07,0.009436,6.22894031654412e-09,11978.32,290132.99,468319.762666667,445302.447406061,0.87218313317936,0.2,0.0007944,0.0102560888888889,0.00174261898989899,0,18211.4296979592,17943.710432653,9030.24564097962,1.0361757450979e-05,0.000138542366807088,3.63689795918367e-05,9.09224489795918e-06,9.09224489795919e-08
3658,50,10694.42,15961.04,602732995.806731,16533.724,1779567328.3721,16199.569,8943493931.00002,0.908033752428541,2.38758959002526e-05,1.29771260983074,0,0.17552,1.78006530612245e-06,0.08776,2.42917813051146e-07,0.008776,1.42899013803256e-08,15183.22,379641.498,534150.766666667,1659943.89127071,0.887613219313048,0.2,0.001988,0.00946844444444445,0.00156316767676768,0,11484.6122448979,12186.7202285714,4521.67845000001,7.89854705539592e-06,9.04180316121699e-05,0.000100336326530612,2.50840816326531e-05,2.50840816326531e-07
3659,50,20582.0097959184,18746.416,651920523.228392,19313.71,2722574744.49604,18830.6812,18983161786.1006,0.9196545930838,3.17033955604256e-05,1.45027154243952,0,0.1616,1.40476669387755e-06,0.0808,4.64490166792643e-07,0.00808,1.96047327755394e-08,17926.48,385773.876,531097.362888889,3123031.02909899,0.901745257630439,0.2,0.0029592,0.00860426666666667,0.00137858424242424,0,22493.5654530612,20570.3543877551,4659.18240669385,5.96713810379954e-06,0.000132576689931453,0.00012865306122449,3.21632653061224e-05,3.21632653061225e-07
3660,50,13413.0204081633,21116.312,710417466.200229,21660.366,2324157407.75982,21097.6444,22780852249.9343,0.932303548733549,2.44818737895452e-05,1.56257770907227,0,0.15192,2.14955689795918e-06,0.07596,8.25903802469136e-07,0.007596,3.56022606879348e-08,20341.6,340977.024,482216.660666667,4307373.56240404,0.916334214268349,0.2,0.0028632,0.00775226666666667,0.00123491151515152,0,14244.8851591837,13754.3402489796,4026.21098840819,5.92694496669283e-06,8.29644699599056e-05,0.000252401632653061,6.31004081632653e-05,6.31004081632653e-07
