run,villages-point-mean,population-point-var,population-stability-mean-5-mean,population-stability-var-5-var,population-stability-mean-10-mean,population-stability-var-10-var,population-stability-mean-100-mean,population-stability-var-100-var,population-trend-5-mean,population-trend-10-var,population-trend-100-mean,matrilocal-point-var,matrilocal-stability-mean-5-mean,matrilocal-stability-var-5-var,matrilocal-stability-mean-10-mean,matrilocal-stability-var-10-var,matrilocal-stability-mean-100-mean,matrilocal-stability-var-100-var,population-point-mean,population-stability-var-5-mean,population-stability-var-10-mean,population-stability-var-100-mean,population-trend-10-mean,matrilocal-point-mean,matrilocal-stability-var-5-mean,matrilocal-stability-var-10-mean,matrilocal-stability-var-100-mean,villages-point-var,population-stability-mean-5-var,population-stability-mean-10-var,population-stability-mean-100-var,population-trend-5-var,population-trend-100-var,matrilocal-stability-mean-5-var,matrilocal-stability-mean-10-var,matrilocal-stability-mean-100-var
5801,50,17126.8718367347,19886.516,1327724.65454694,19886.638,8465402.38121749,18879.7554,20538459064.1833,0.999913484904566,4.84667310128226e-05,1.60757896562027,0,0,0,0,0,0,0,19885.16,899.012,2699.81844444445,3125029.28047879,0.999929360558672,0,0,0,0,0,15203.9103510203,12637.1085265306,3731.02152738776,1.32713637919457e-05,0.000111398310483924,0,0,0
5802,50,21956.7873469388,22215.74,2766826.51288163,22221.782,16829465.4880831,21169.565,20693499611.7979,0.999740001289384,4.9413773287508e-05,1.70467412536115,0,0,0,0,0,0,0,22213.22,1137.124,3447.762,4371766.18449091,0.999152027188361,0,0,0,0,0,20517.8012244898,17329.5476285715,3727.32115204084,1.31796156907024e-05,0.000128953094380622,0,0,0
5803,50,18941.7310204082,24208.296,1871332.22120816,24208.044,18037455.0794163,23160.3966,15391245959.2636,1.00033929425933,3.42452806914201e-05,1.77008714866743,0,0,0,0,0,0,0,24211.94,1072.304,2976.86177777778,5288491.8515495,0.999971666067642,0,0,0,0,0,16964.0216163265,14302.7821061225,3820.60395351021,1.0422468058221e-05,0.000102376225667029,0,0,0
5804,50,13969.3179591837,25931.94,966849.508412245,25937.99,9285370.39688712,24912.378,30963403733.0092,0.999878956163704,2.78072257691765e-05,1.81062198461067,0,0,0,0,0,0,0,25930.78,1041.734,2948.93444444444,6017947.47220606,0.999407838611221,0,0,0,0,0,13837.2379591836,13544.4254081633,2148.07431836737,9.05525730676056e-06,7.1602492440181e-05,0,0,0
5805,50,10764.4004081633,27449.404,3016071.98939184,27448.45,11425710.6859445,26436.0544,19949123929.4203,0.999866860342996,2.44660070050313e-05,1.83391267860534,0,0,0,0,0,0,0,27449.26,1225.714,2904.92022222222,6443831.77549091,1.00016049311722,0,0,0,0,0,12006.0954938776,11456.3625510204,1831.09398432655,9.53014857980371e-06,5.34907460380539e-05,0,0,0
5806,49.6,19799.92,4639.164,38798764.7257796,4858.064,118572846.721227,6494.1574,20859699514.3644,0.891046981092471,0.000103111623080475,0.451888616475649,7.44897959183674e-05,0.1816,5.17071673469388e-07,0.0908,3.05425943058705e-07,0.00908,1.23854435788102e-08,4371.28,44964.856,73980.7813333333,1790767.83224444,0.855073872053701,0.197,0.0010624,0.00964897777777778,0.00162800888888889,0.530612244897959,20508.0288816327,21293.8333714286,7829.0105135102,5.05156768553723e-05,0.000214056920943827,5.91020408163265e-05,1.47755102040816e-05,1.47755102040816e-07
5807,50,16758.8995918367,9239.236,26784969.670302,9415.41,113855110.787464,9873.5368,913208886.322547,0.95130420099389,5.44779521104849e-05,0.869695850484857,0.000800163265306123,0.10576,1.66559608163265e-06,0.05288,1.82319291307634e-06,0.005288,4.54370310441459e-08,9004.72,33392.948,49998.5122222222,106738.404606061,0.938142668347924,0.1572,0.0023728,0.00426684444444444,0.000650716767676768,0,16865.8264326531,16591.4458163265,8616.47314873472,1.37864487682182e-05,0.000153865817125612,0.000386716734693878,9.66791836734694e-05,9.66791836734694e-07
5808,50,21197.1106122449,13404.104,29045670.6160163,13560.232,119758963.514447,13239.4792,3620146524.7296,0.971957348053218,3.52269235602073e-05,1.19764288919467,0.00122710204081633,0.06384,8.1733812244898e-07,0.03192,1.37435989720333e-06,0.003192,3.26718252346595e-08,13216.54,22952.952,38260.8155555556,413355.095272727,0.963686879692368,0.0912,0.0012792,0.00184604444444444,0.000272345858585859,0,23135.6363102041,23886.7063020408,7055.88902791836,9.02219700965484e-06,0.000171113231539223,0.000534177959183674,0.000133544489795918,1.33544489795918e-06
5809,50,14904.1995918367,16791.42,31752772.9821429,16938.8,118912346.997947,16261.0416,8483939026.93215,0.980563916080332,2.83159740662133e-05,1.42123330615848,0.00115918367346939,0.0484,4.07134693877551e-07,0.0242,5.55064348702444e-07,0.00242,1.34671340075669e-08,16635.38,17361.29,32935.2346666667,1678181.06554747,0.973492607091103,0.064,0.000852,0.00114622222222222,0.00016700202020202,0,15840.2893877551,15124.4253061225,4305.61569126531,1.0464714526404e-05,0.000108537969931765,0.000429224489795918,0.00010730612244898,1.0730612244898e-06
5810,50,19616.3057142857,19588.26,26890748.149649,19733.396,165522763.095751,18879.339,22122519113.2156,0.984480592382635,3.02740516750252e-05,1.57277986879844,0.00070595918367347,0.03712,1.38791183673469e-07,0.01856,2.76115059712774e-07,0.001856,7.16867411430321e-09,19448.02,15110.688,31878.8213333333,3114158.36664444,0.978139680449199,0.0504,0.0005392,0.000715377777777778,0.00010395797979798,0,20931.5285714285,19275.5265142857,3963.01989897958,6.37824607089597e-06,0.000147456255781145,0.000341577142857143,8.53942857142857e-05,8.53942857142857e-07
5811,50,16861.6020408163,21955.432,36693456.4666327,22098.88,236062893.564991,21146.3138,13154221723.247,0.987155608539964,3.30049234524428e-05,1.67613491965378,0.000759020408163265,0.02896,1.60420571428571e-07,0.01448,1.87188760896951e-07,0.001448,4.08472018207222e-09,21829.5,13271.37,30982.236,4358198.02843838,0.981238625428421,0.0404,0.0004928,0.000512177777777778,7.05470707070707e-05,0,17155.4503836735,15722.6257142857,3296.6840566939,8.44801167405368e-06,9.77887250223572e-05,0.000221100408163265,5.52751020408163e-05,5.52751020408163e-07
5812,50,8305.41265306123,23922.904,27259411.5392857,24061.252,160108466.320765,23127.0376,21782327574.7196,0.989093008408133,2.03445278207388e-05,1.74054537316127,0.000642612244897959,0.02536,1.408e-07,0.01268,1.16518417737465e-07,0.001268,2.20868046367614e-09,23809.66,11585.75,28004.4817777778,5247849.57227475,0.983806105098176,0.0368,0.000432,0.000415555555555556,5.60686868686869e-05,0,9629.63141224495,9848.61111836734,2470.90656555103,6.14994099508073e-06,5.28002741598645e-05,0.000164969795918367,4.12424489795918e-05,4.12424489795918e-07
5813,50,16771.3208163265,25670.12,41631818.108902,25796.992,242332155.764182,24885.002,26042249667.3781,0.990920322368193,3.38220246565583e-05,1.78463413367263,0.000489795918367347,0.02608,8.07895510204082e-08,0.01304,1.02684573444192e-07,0.001304,2.40698242853187e-09,25570.16,9921.374,25296.0657777778,5952813.48602828,0.986175064287564,0.036,0.0003768,0.000413511111111111,5.77228282828283e-05,0,16268.7902040816,13768.4089142858,2029.23513061226,1.05454930976754e-05,8.68116481752967e-05,0.000209789387755102,5.24473469387755e-05,5.24473469387755e-07
5814,50,13592.4081632653,27172.828,20290600.8155959,27308.884,163203181.662642,26432.9644,17769464972.9172,0.991740159114519,1.8840544292132e-05,1.80921875580779,0.000787755102040816,0.02264,1.93763918367347e-07,0.01132,1.83962098261527e-07,0.001132,3.64569280285852e-09,27082.6,9102.854,26723.7648888889,6415692.71247677,0.986530555467972,0.03,0.0003144,0.000346755555555556,4.84614141414142e-05,0,14168.1502204082,11142.6715755102,2796.39569453061,5.92328408655362e-06,7.05239196104599e-05,0.000237459591836735,5.93648979591837e-05,5.93648979591837e-07
5815,48.72,25562.2220408163,4490.252,47662788.1033306,4777.982,196955431.671427,6462.7178,19295601863.7208,0.876612151137632,0.000153161865359662,0.433835867186841,4.63673469387755e-05,0.20016,5.34857142857144e-10,0.10008,3.02736487780297e-08,0.010008,9.21757770489896e-10,4196.32,52233.344,115965.131333333,1824140.60169899,0.82312143551171,0.2016,1.28e-05,0.0111352888888889,0.00192290262626263,1.02204081632653,26487.6421387755,26150.2157918368,6439.01028689797,6.34890085390956e-05,0.000273914163800163,2.5861224489796e-06,6.46530612244899e-07,6.46530612244894e-09
5816,49.98,15267.6016326531,8869.34,113005068.886939,9235.722,560895694.186779,9867.575,866302297.970563,0.896838933056316,6.68452401822844e-05,0.810075120069189,0,0.18416,9.34857795918368e-07,0.09208,1.4667613202318e-07,0.009208,8.60395522089583e-09,8388.52,147834.84,215764.214444445,139005.316333333,0.873122258725309,0.2,0.0012056,0.00997102222222222,0.00167842747474748,0.02,16340.0575510204,15539.7670571429,7496.13143367347,1.2055960927957e-05,0.000141944564510382,5.28718367346938e-05,1.32179591836735e-05,1.32179591836735e-07
5817,50,22689.112244898,13024.14,178011334.378045,13371.754,498297371.854553,13208.569,2511368236.08182,0.92767899334248,2.90528820731683e-05,1.13463617169435,3.67346938775511e-05,0.15336,1.67402057142857e-06,0.07668,6.47328e-07,0.007668,2.58016801124417e-08,12513.9,148620.154,201196.449111111,396114.488042424,0.912760037473339,0.198,0.0028928,0.00786728888888889,0.00125370262626263,0,23342.2665306123,23573.3155959184,5173.37599693878,9.40103338166504e-06,0.000184241219670509,0.000178031020408163,4.45077551020408e-05,4.45077551020408e-07
5818,50,16127.913877551,16413.116,161232814.668657,16751.614,683824747.993682,16238.7164,9128392815.18167,0.947720723876096,3.14068293617891e-05,1.36386930149521,0.000583836734693878,0.11992,1.78396734693878e-06,0.05996,1.65181295036533e-06,0.005996,4.1502412906638e-08,15961.62,121008.146,182378.384222222,1677737.32580606,0.933578316951462,0.1728,0.002664,0.00526088888888889,0.000811826262626263,0,16905.1854530612,16082.1951061225,4488.77532963263,6.56158158725051e-06,0.000124930727555431,0.000302034285714286,7.55085714285715e-05,7.55085714285714e-07
5819,50,24755.1595918367,19252.12,204596901.992245,19572.742,764818841.235937,18858.9922,21581379299.3795,0.958826890736512,3.02741336913327e-05,1.52340015211584,0.00122138775510204,0.09192,1.69673469387755e-06,0.04596,2.61141950113379e-06,0.004596,6.56579756751186e-08,18845.94,102459.92,161505.051777778,3079970.62753737,0.947506269765082,0.1348,0.002116,0.00346355555555556,0.000521305050505051,0,26798.0506122448,23900.3926897959,4401.734364449,7.92197124787926e-06,0.000168335525831697,0.000646850612244898,0.000161712653061225,1.61712653061225e-06
5820,50,13182.1065306122,21587.108,131003394.921343,21887.458,648726045.287373,21126.604,21493932773.571,0.96643252280727,2.11491780264305e-05,1.62964837068581,0.00140816326530612,0.07904,1.38356310204082e-06,0.03952,1.5585428994709e-06,0.003952,3.35136212249895e-08,21219.66,84476.978,139443.132222222,4324926.38421818,0.956605241364726,0.118,0.0017496,0.00261991111111111,0.000388908282828283,0,15792.7611591837,16687.1890163265,3268.9020489796,4.39925575705059e-06,8.70387977749179e-05,0.000392855510204082,9.82138775510204e-05,9.82138775510204e-07
