run,villages-point-mean,population-point-var,population-stability-mean-5-mean,population-stability-var-5-var,population-stability-mean-10-mean,population-stability-var-10-var,population-stability-mean-100-mean,population-stability-var-100-var,population-trend-5-mean,population-trend-10-var,population-trend-100-mean,matrilocal-point-var,matrilocal-stability-mean-5-mean,matrilocal-stability-var-5-var,matrilocal-stability-mean-10-mean,matrilocal-stability-var-10-var,matrilocal-stability-mean-100-mean,matrilocal-stability-var-100-var,population-point-mean,population-stability-var-5-mean,population-stability-var-10-mean,population-stability-var-100-mean,population-trend-10-mean,matrilocal-point-mean,matrilocal-stability-var-5-mean,matrilocal-stability-var-10-mean,matrilocal-stability-var-100-mean,villages-point-var,population-stability-mean-5-var,population-stability-mean-10-var,population-stability-mean-100-var,population-trend-5-var,population-trend-100-var,matrilocal-stability-mean-5-var,matrilocal-stability-mean-10-var,matrilocal-stability-mean-100-var
281,49.14,12398.2840816327,4140.28,22763989.608751,4355.396,74985602.646173,5451.575,2976260048.19241,0.900410342302205,0.000115525106693305,0.442761227670574,0.00010534693877551,0.19884,7.75248979591838e-09,0.09942,5.58193343411437e-08,0.009942,1.88945648065899e-09,3936.04,28378.568,64363.7191111111,1166088.81966263,0.859379167901042,0.1974,3.84e-05,0.0110013111111111,0.0018988301010101,1.10244897959184,12334.7379591837,12112.7305959184,3606.06296836735,6.01473090231399e-05,0.000157578698212949,6.05551020408164e-06,1.51387755102041e-06,1.51387755102041e-08
282,49.98,6264.56489795918,6170.228,52663969.3848816,6428.758,133223426.684269,7124.2918,1371919393.95692,0.904321597303634,5.93764626500951e-05,0.62706259839559,0,0.18864,5.78717387755102e-07,0.09432,1.33615230032754e-07,0.009432,7.26328352100681e-09,5877.92,61216.696,101862.847777778,464231.514834344,0.878689531546852,0.2,0.0007464,0.0102272,0.00173937454545455,0.02,7482.31348571431,7735.28207755101,3251.32343546938,2.35878747980895e-05,7.42815413195879e-05,3.94187755102041e-05,9.85469387755102e-06,9.85469387755101e-08
283,50,8325.3506122449,7855.3,46011030.3494531,8125.294,136624752.031116,8595.3344,366151355.652232,0.911491959099928,4.36193531754785e-05,0.760713268200525,0,0.17616,1.65282024489796e-06,0.08808,4.05831788359788e-07,0.008808,2.08662504485798e-08,7489.58,84602.644,119089.823777778,167742.781482828,0.892573942558005,0.2,0.0017096,0.00941546666666667,0.00156414060606061,0,9758.88040816327,9096.74914693877,1718.27562106123,8.88487247727069e-06,8.86681045860445e-05,0.00013058612244898,3.26465306122449e-05,3.26465306122449e-07
284,50,6572.89795918367,9280.016,66478877.5931796,9551.846,176961175.766733,9873.001,96213431.7923705,0.922383825732289,3.41352421074909e-05,0.862944549226801,0,0.16432,1.85089044897959e-06,0.08216,3.85868109851348e-07,0.008216,1.93795693177498e-08,8890.6,87861.578,121720.849111111,52643.7096020202,0.905126885339577,0.2,0.0025856,0.00868568888888889,0.00140623353535354,0,7999.41361632651,8299.06335102044,2304.23233979591,9.85410753125106e-06,6.52479171927486e-05,0.00013312,3.328e-05,3.328e-07
285,50,6979.14448979592,10482.408,96659427.5628735,10742.64,238557077.424148,10998.4492,29405520.1441693,0.93485646958133,4.04571334463358e-05,0.941091311441211,3.00408163265307e-05,0.148,2.45674057142857e-06,0.074,7.98334742252457e-07,0.0074,3.24591739475147e-08,10115.72,77395.728,110283.449333333,24996.6547434343,0.919354743644736,0.1984,0.0033168,0.00762773333333333,0.00119690666666667,0,6929.51340408164,6540.67142857143,1090.27022791837,1.46648487712348e-05,5.85812111212228e-05,0.000254040816326531,6.35102040816327e-05,6.35102040816327e-07
286,50,6680.99428571429,11510.468,71926855.5926531,11769.83,253063067.712688,11980.6934,32681100.3089603,0.943123584538809,3.7517592565727e-05,0.997578433109133,8.88163265306124e-05,0.14136,1.97255902040816e-06,0.07068,1.30719547694633e-06,0.007068,3.92512084416209e-08,11164.16,70799.48,107053.742888889,33999.5294444444,0.928003071753823,0.1936,0.0031496,0.00701946666666667,0.00109792242424242,0,7848.08262857142,7716.70663265309,1288.67759840816,9.75397450834208e-06,5.56283091217438e-05,0.00025313306122449,6.32832653061224e-05,6.32832653061225e-07
287,50,2791.29346938776,12373.844,53201782.8689633,12632.052,251793580.7527,12818.2604,25214342.3834126,0.950405835271671,2.70201176505737e-05,1.03763111643228,0.000228571428571429,0.13552,2.46451526530612e-06,0.06776,1.82423136104812e-06,0.006776,5.70498661925793e-08,12055.82,61451.896,102172.376,50935.4957616162,0.934696165413139,0.188,0.0031048,0.00659128888888889,0.00102559353535354,0,3061.14986122449,3245.27234285715,1008.88835493877,7.36775938138303e-06,2.31856179505258e-05,0.000403356734693878,0.000100839183673469,1.00839183673469e-06
288,50,4232.22204081633,13185.328,77770885.9775061,13428.678,233693135.442125,13580.2132,35734474.6620415,0.955472794312029,2.69569241653704e-05,1.07064597216787,0.000461877551020408,0.11664,2.36264228571429e-06,0.05832,2.04210426001512e-06,0.005832,5.36981401058201e-08,12881.68,56260.038,91544.4535555556,69950.1742060606,0.942070162061082,0.1756,0.0031584,0.00531253333333333,0.000802768484848485,0,4418.97756734693,4132.76134285714,969.010695673471,1.09749385767458e-05,2.58311459372506e-05,0.000476316734693878,0.000119079183673469,1.19079183673469e-06
289,50,22833.1836734694,4955.256,333611.00442449,4994.416,4450270.92288314,6477.9688,18259880240.7696,0.987760042887277,0.000139037132881235,0.509494097366192,0,0,0,0,0,0,0,4925.4,707.092,2772.28266666667,1754685.81074747,0.971910631209999,0,0,0,0,0,22316.8865959184,20919.8128,5782.67672097959,3.2557493319507e-05,0.000248433556032919,0,0,0
290,50,26298.0146938776,9614.624,161780.537179592,9620.498,2728009.87728904,9897.5736,975210694.538359,0.999595138841696,8.55832431552143e-05,0.929098471921402,0,0,0,0,0,0,0,9614.16,343.642,1167.79844444444,85217.160569697,0.998303055085722,0,0,0,0,0,26806.4336979592,26851.4483632653,10875.085325551,2.16660923080892e-05,0.000240920372621995,0,0,0
291,50,29731.8269387755,13737.24,1118697.39559592,13729.902,6852422.14310108,13244.1226,3874609301.37503,1.00035639902849,7.7694232458113e-05,1.24612585301697,0,0,0,0,0,0,0,13739.64,639.846,2154.466,412557.30880202,1.00181031378768,0,0,0,0,0,28282.8995918367,23807.0704040816,6346.66230126529,2.02398590079828e-05,0.000241568098649332,0,0,0
292,50,16755.1689795918,17106.372,1245325.94507755,17103.192,9525905.12968627,16254.9928,15782137945.1766,0.999984970914207,7.8891831474584e-05,1.46251315454254,0,0,0,0,0,0,0,17105.88,1043.068,3162.73911111111,1714882.65482424,1.0006190343283,0,0,0,0,0,16709.293077551,17403.9040163265,6703.1396654694,2.10226797880145e-05,0.00012576534289059,0,0,0
293,50,21388.1648979592,19900.964,1069192.41905714,19889.78,11668258.0618647,18889.2896,14513646497.4231,1.00070839543791,3.7544634522845e-05,1.61011155739693,0,0,0,0,0,0,0,19906.72,826.818,2538.30311111111,3154149.70829495,1.00170271262158,0,0,0,0,0,20603.8574530612,17991.7497959184,5743.93032636735,1.14162038597325e-05,0.00014192955292783,0,0,0
294,50,17885.3016326531,22200.736,1108813.58693878,22206.788,22057920.6548116,21164.912,17563306334.6791,0.99940012860227,4.66963962696758e-05,1.70471428250801,0,0,0,0,0,0,0,22193.62,934.84,3474.07955555556,4369861.95368889,0.998814025997734,0,0,0,0,0,17666.4105142857,14515.0076081632,2387.56704489797,1.01938318194566e-05,0.000124012798875494,0,0,0
295,50,12949.4285714286,24207.816,1967857.28800408,24215.86,11313057.5595029,23160.0302,22480015345.5097,0.999276562675693,3.14145536658344e-05,1.77018004899138,0,0,0,0,0,0,0,24198,1166.266,3135.29066666667,5345155.86808283,0.998756949823847,0,0,0,0,0,11326.4585142857,9576.7946938775,3318.01621016326,1.08354261351029e-05,7.48660379877823e-05,0,0,0
296,50,11768.1832653061,25919.248,1012116.84442449,25924.782,4468195.46146238,24890.1058,20908474583.3893,0.999432024316218,2.24370720859808e-05,1.80994202839065,0,0,0,0,0,0,0,25910.98,858.092,2368.794,6015393.45341212,0.999171499859637,0,0,0,0,0,11799.5764244898,11356.6774244898,2199.23115138777,6.93005524902414e-06,6.26800569303909e-05,0,0,0
297,50,12556.2697959184,27439.612,1811719.46777143,27436.194,15684570.2668602,26436.0598,12381297197.486,0.999801602793345,2.44466518097142e-05,1.83433295130936,0,0,0,0,0,0,0,27435.34,1126.228,2848.47844444444,6475424.25136364,1.00029168477914,0,0,0,0,0,12361.2480163265,11243.1283306122,3107.99487138775,8.71397982295128e-06,6.27255662774532e-05,0,0,0
298,49.92,19976.2857142857,4759.412,10131767.7960367,4893.87,44433739.3411423,6464.9086,16774597259.0596,0.938634768728712,0.000135355910610661,0.476509232894807,0.000294040816326531,0.12512,2.000512e-06,0.06256,1.85479978634417e-06,0.006256,4.86426953591158e-08,4607.6,14243.378,27264.0757777778,1771047.5038404,0.909372069789773,0.1772,0.0031168,0.00582595555555556,0.000892963232323232,0.0751020408163265,19688.9753632653,18760.4907142857,7309.04555514287,4.92592406219878e-05,0.000216814068694583,0.000338311836734694,8.45779591836735e-05,8.45779591836735e-07
299,50,20348.1506122449,9474.696,7014904.52540816,9560.404,36090105.3867884,9890.6216,989897648.025972,0.979294186923697,7.36453330855956e-05,0.906295634567354,0.00099934693877551,0.05848,6.20000653061225e-07,0.02924,1.01723468077601e-06,0.002924,2.67126992999048e-08,9379.82,6492.31,11929.5951111111,87450.8972040404,0.972271512838535,0.0908,0.0009856,0.00154391111111111,0.000230835555555556,0,19573.4812081633,18343.4705959184,6376.05365453063,1.99927316498182e-05,0.000191029483024665,0.000572662857142857,0.000143165714285714,1.43165714285714e-06
300,50,24389.5432653061,13573.992,9987981.43469388,13645.896,48286819.136135,13242.1146,4648607313.08438,0.988865511077757,5.77521020207343e-05,1.22478235502878,0.000877714285714286,0.04416,3.51621877551021e-07,0.02208,5.35951899218947e-07,0.002208,1.18378188541361e-08,13506.26,4244.12,8999.39555555556,413800.57609899,0.984811109996677,0.0672,0.0006184,0.000932977777777778,0.000138663434343434,0,26148.1468734694,26851.9154938776,7409.49502942858,1.79840204945135e-05,0.000214911565720094,0.000427728979591837,0.000106932244897959,1.06932244897959e-06
