run,villages-point-mean,population-point-var,population-stability-mean-5-mean,population-stability-var-5-var,population-stability-mean-10-mean,population-stability-var-10-var,population-stability-mean-100-mean,population-stability-var-100-var,population-trend-5-mean,population-trend-10-var,population-trend-100-mean,matrilocal-point-var,matrilocal-stability-mean-5-mean,matrilocal-stability-var-5-var,matrilocal-stability-mean-10-mean,matrilocal-stability-var-10-var,matrilocal-stability-mean-100-mean,matrilocal-stability-var-100-var,population-point-mean,population-stability-var-5-mean,population-stability-var-10-mean,population-stability-var-100-mean,population-trend-10-mean,matrilocal-point-mean,matrilocal-stability-var-5-mean,matrilocal-stability-var-10-mean,matrilocal-stability-var-100-mean,villages-point-var,population-stability-mean-5-var,population-stability-mean-10-var,population-stability-mean-100-var,population-trend-5-var,population-trend-100-var,matrilocal-stability-mean-5-var,matrilocal-stability-mean-10-var,matrilocal-stability-mean-100-var
4421,50,16685.1167346939,8762.016,328134011.930873,9183.598,1147471184.31588,9871.1108,1095590527.95236,0.892547867969121,8.68448091594934e-05,0.80099431679537,0,0.19576,4.44734693877551e-08,0.09788,1.19615217939027e-07,0.009788,4.45748436331986e-09,8290.16,153976.688,267043.451777778,156467.734824242,0.862580478972945,0.2,0.000168,0.010724,0.00184621818181818,0,18121.7401469388,17743.1691795918,5299.9080075102,3.12198416339182e-05,0.000157546748896761,1.59412244897959e-05,3.98530612244899e-06,3.98530612244897e-08
4422,50,15435.0220408163,12853.844,339524027.553588,13308,838844865.515778,13230.7738,2592767797.16369,0.907176302064237,2.85330340678985e-05,1.10755990622212,0,0.17296,1.72489404081633e-06,0.08648,1.4363651095994e-07,0.008648,8.44623194118052e-09,12216.28,249231.622,340814.949777778,438259.831925253,0.887865054996056,0.2,0.0022672,0.00933582222222222,0.00153010747474747,0,18817.4633306123,18820.2012244898,7467.8920689388,8.61261543648954e-06,0.000128329251031322,6.76310204081632e-05,1.69077551020408e-05,1.69077551020408e-07
4423,50,25122.8689795918,16210.848,532385964.796249,16658.824,1785997318.46455,16225.2228,12444210620.3294,0.926706308240081,4.52248991692312e-05,1.33068076219312,8.00000000000001e-06,0.15376,1.73762351020408e-06,0.07688,4.74126834971026e-07,0.007688,1.52582523442631e-08,15567.78,237000.974,329991.994666667,1691105.76490101,0.909793427129803,0.1996,0.0030064,0.00793031111111111,0.00126045737373737,0,25543.7282612245,24016.0671673469,5287.55704914286,1.17529102123893e-05,0.0001892932439375,9.87167346938776e-05,2.46791836734694e-05,2.46791836734694e-07
4424,50,13806.9567346939,18997.62,412327684.993649,19422.9,1871296741.5449,18828.7386,18857265908.7289,0.94233524485874,3.76854330680161e-05,1.48927414294412,0.000314285714285714,0.1312,1.86822857142857e-06,0.0656,1.67908813303099e-06,0.00656,4.79748606410425e-08,18416.32,197865.268,290965.488,3039323.76020404,0.927807958162393,0.186,0.003276,0.00633688888888889,0.000975426262626263,0,14024.1604081633,13690.8844897959,3251.06415106124,8.116427345505e-06,9.10065685248836e-05,0.000365061224489796,9.1265306122449e-05,9.1265306122449e-07
4425,50,18510.9310204082,21389.44,312847794.634678,21798.828,1641164894.19617,21121.6396,19598980350.4444,0.952425496188731,2.82521355617047e-05,1.60179127333689,0.000542204081632653,0.11832,2.40593044897959e-06,0.05916,1.63347131468884e-06,0.005916,4.34803615018043e-08,20857.74,168672.404,263390.052,4320798.88762828,0.938965349498326,0.1708,0.0027304,0.00519831111111111,0.000798602828282828,0,21310.9828571429,18722.4894040817,3036.39281616324,5.66809398880308e-06,0.000117377081221775,0.000352711836734694,8.81779591836735e-05,8.81779591836735e-07
4426,50,8279.35714285714,23411.116,348108494.926225,23801.254,2085780479.98045,23112.0044,15938017120.2702,0.958729143586346,2.98632597663272e-05,1.67558501884832,0.000804081632653061,0.10128,2.09214955102041e-06,0.05064,1.71291554346183e-06,0.005064,4.58605294343559e-08,22911.5,152559.69,239711.376666667,5285452.35471515,0.947358390559348,0.154,0.0022112,0.00395448888888889,0.000602640808080808,0,8464.89647346939,8529.79028979597,2794.05511493878,5.93633224973844e-06,5.15566653540768e-05,0.000449593469387755,0.000112398367346939,1.12398367346939e-06
4427,50,11130.4248979592,25159.88,464670053.151429,25549.26,1737863264.52135,24853.6518,18431470496.0626,0.963968348379511,2.25541417901626e-05,1.72488666019645,0.000969959183673469,0.09152,1.16087444897959e-06,0.04576,1.32924094532628e-06,0.004576,3.31880132487939e-08,24697.06,132579.52,229691.978666667,5953394.59501212,0.951949900638115,0.1388,0.0021048,0.00337084444444445,0.000505698585858586,0,13491.3485714285,13643.3751020408,3410.32887220407,8.14926218589341e-06,5.75641356067825e-05,0.000399438367346939,9.98595918367347e-05,9.98595918367347e-07
4428,50,14353.0126530612,26686.204,383103387.797551,27054.584,1474654414.38836,26402.9714,19461350752.1043,0.967483763945466,2.03749215615788e-05,1.75397990751833,0.00150922448979592,0.08832,2.34533942857143e-06,0.04416,2.52820691559587e-06,0.004416,5.70725290548861e-08,26246.74,121170.48,206794.025777778,6379947.39347273,0.957387093233103,0.1264,0.0018856,0.00316391111111111,0.000477926464646465,0,15043.7983510204,14450.6568816327,2075.22310616326,6.50783238920222e-06,7.45657851941923e-05,0.000584385306122449,0.000146096326530612,1.46096326530612e-06
4429,0.02,0.08,0.072,0.0174734693877551,0.182,1.3365920382968,351.0116,23587482.3479932,0.01,0.00125,9.94282873477504e-06,0,0,0,0,0,0,0,0.04,0.026,0.279777777777778,355427.327652525,0.005,0,0,0,0,0.02,0.185730612244898,0.568444897959184,547.007642285714,0.005,4.94299216245342e-09,0,0,0
4430,7.56,1481.04040816327,67.972,2337.30489795918,79.392,28166.4033467372,540.4366,181297415.935517,0.745909238694252,0.0235407037854649,0.0148949235780961,0,0,0,0,0,0,0,60.02,52.22,221.738222222222,327332.283779798,0.554744250947377,0,0,0,0,13.5167346938776,1702.50124081633,1932.36115918367,1906.01493718367,0.0237636113564776,9.13262841139511e-05,0,0,0
4431,30.4,8140.57142857143,506.616,7691.25265306122,520.374,58557.7021517259,864.3782,282592681.891538,0.956437036748395,0.00155451670511481,0.122883728599654,0,0,0,0,0,0,0,495.6,100.2,326.390444444444,232563.263436364,0.90661644113699,0,0,0,0,23.2244897959184,8175.49851428571,8124.71298367347,3419.67016608163,0.000652623478115562,0.000501324523066465,0,0,0
4432,42.92,6385.95918367347,1072.44,3264.86530612245,1076.424,7230.22756442429,1226.2918,64587481.9262433,0.992408127705802,0.000350545742549942,0.264751662565516,0,0,0,0,0,0,0,1068.6,45.26,88.5826666666667,153169.634361616,0.986739229304243,0,0,0,0,5.17714285714286,6073.2718367347,5847.54675918367,2572.71289261224,0.00014527675915236,0.000390102165914587,0,0,0
4433,47.02,6985.14285714286,1536.016,3082.60255102041,1536.77,9195.33274280675,1561.3724,31476628.4080301,0.999539315984409,0.000253678794342968,0.380243174222523,0,0,0,0,0,0,0,1535.6,49.69,103.580666666667,117879.581789899,0.998455268053968,0,0,0,0,3.28530612244898,6871.73035102041,6680.69642857143,4218.28096555102,0.000107679173159151,0.000431926215908154,0,0,0
4434,47.92,5130.94897959184,1871.244,4096.69108571429,1871.812,18411.9215217939,1840.0698,11496106.0652455,0.999564645636156,0.000253843827136324,0.462958600432345,0,0,0,0,0,0,0,1871.3,56.044,127.902222222222,104853.179387879,0.998973917366393,0,0,0,0,1.58530612244898,4666.72373877551,4406.99250612245,2960.68666730612,8.79990834032813e-05,0.000315280689250116,0,0,0
4435,48.42,6027.97714285714,2129.344,3266.40450612245,2129.462,14001.9992032754,2075.0312,8261032.62141555,0.999925147225477,0.000174306048226673,0.526315784175182,0,0,0,0,0,0,0,2129.32,47.472,126.982,101117.383062626,0.999404065362054,0,0,0,0,1.43224489795918,6172.40006530612,6138.93138367348,3515.94101485714,5.3251224135742e-05,0.000377314095391542,0,0,0
4436,48.76,3686.44448979592,2351.852,6081.29582040816,2352.114,21275.0663976316,2277.8708,6906168.37075678,0.999516915780133,0.000167704812757761,0.580684169154016,0,0,0,0,0,0,0,2351.38,68.836,159.062888888889,100092.16170101,1.00021741473224,0,0,0,0,1.41061224489796,3739.04622040817,3766.38408571429,3348.06859526531,6.63761698490329e-05,0.000219665637222796,0,0,0
4437,48.9,2881.46489795918,2531.08,1753.79100408163,2526.854,61308.1135645755,2447.0192,6060937.44882173,1.00097294152844,0.00014099797113659,0.624814096841807,0,0,0,0,0,0,0,2531.62,47.104,168.948666666667,100577.471078788,1.00450718396526,0,0,0,0,0.785714285714286,2820.65142857143,2599.43559591837,2121.50332995918,3.26815639958309e-05,0.000183103636905442,0,0,0
4438,0,0,0,0,0.33,66.0460402620307,344.4642,22479387.765403,0,0,0,0,0,0,0,0,0,0,0,0,2.04244444444444,355408.341957576,0,0,0,0,0,0,0,1.61520408163265,378.81202077551,0,0,0,0,0
4439,0.5,36.6044897959184,16.68,124293.008673469,48.874,1497479.05759481,532.94,163650528.057191,0.0516113236672943,0.00249546314903798,0.000809114242476374,0.160083428571429,0.55708,0.0106901866897959,0.27854,0.00531286943941799,0.027854,0.000138160377436252,3.26,300.09,1531.94244444444,332476.628254546,0.0274728236082727,0.2368,0.151362,0.170055888888889,0.0238692171717172,0.908163265306122,222.254693877551,725.614208163265,1332.52288571429,0.0085820882608239,2.25475056882053e-06,0.0609019118367347,0.0152254779591837,0.000152254779591837
4440,14.88,4744.91469387755,319.62,7159326.85494286,422.87,22947827.3365624,855.7384,228085482.588836,0.490155270425229,0.00705018342061169,0.0535804831010542,0.0123755102040816,0.42892,4.49663203673469e-05,0.21446,0.000349652299289998,0.021446,9.3326501132413e-06,216.06,7589.766,15535.8251111111,240517.895959596,0.395335838182228,0.51,0.0059898,0.0549578444444444,0.00927490767676768,15.5363265306122,5483.98244897959,5729.48826530612,2723.37078106122,0.00705263405553415,0.000291826470330938,0.0043797893877551,0.00109494734693878,1.09494734693878e-05
