run,villages-point-mean,population-point-var,population-stability-mean-5-mean,population-stability-var-5-var,population-stability-mean-10-mean,population-stability-var-10-var,population-stability-mean-100-mean,population-stability-var-100-var,population-trend-5-mean,population-trend-10-var,population-trend-100-mean,matrilocal-point-var,matrilocal-stability-mean-5-mean,matrilocal-stability-var-5-var,matrilocal-stability-mean-10-mean,matrilocal-stability-var-10-var,matrilocal-stability-mean-100-mean,matrilocal-stability-var-100-var,population-point-mean,population-stability-var-5-mean,population-stability-var-10-mean,population-stability-var-100-mean,population-trend-10-mean,matrilocal-point-mean,matrilocal-stability-var-5-mean,matrilocal-stability-var-10-mean,matrilocal-stability-var-100-mean,villages-point-var,population-stability-mean-5-var,population-stability-mean-10-var,population-stability-mean-100-var,population-trend-5-var,population-trend-100-var,matrilocal-stability-mean-5-var,matrilocal-stability-mean-10-var,matrilocal-stability-mean-100-var
3041,45.56,2879.9693877551,2068.968,6553064.99959592,2191.91,17818650.8717213,2235.0692,3871835.34272774,0.874276957098216,0.000239806367588891,0.476784588085517,0.000106489795918367,0.20944,5.69097959183674e-09,0.10472,3.64095004283195e-07,0.010472,1.08978086574256e-08,1933.3,11742.914,22187.3064444444,101507.614319192,0.835039244407102,0.2158,7.22e-05,0.0122242666666667,0.00210883878787879,2.04734693877551,2496.86099591837,2761.63479591837,2165.15411771429,0.00015618133779667,0.000177991656840526,2.72718367346939e-05,6.81795918367346e-06,6.81795918367347e-08
3042,46.72,3649.58408163265,2249.456,7600052.96294286,2373.762,22864247.6036951,2410.4344,7022915.08244845,0.880854357139502,0.000301050004221216,0.519985095639399,0.000110204081632653,0.20592,6.0414693877551e-09,0.10296,3.86932599647266e-07,0.010296,1.15953311213141e-08,2111.74,12332.854,22866.3086666667,101472.194593939,0.845212955132242,0.21,6.56e-05,0.0118159111111111,0.00203854464646465,1.96081632653061,3064.96822857143,2799.79138367347,2289.46841697959,0.0001683464276606,0.000224167233340386,2.98710204081632e-05,7.4677551020408e-06,7.46775510204081e-08
3043,0,0,0,0,0.146,4.46563995968758,344.531,16921164.1302305,0,0,0,0,0,0,0,0,0,0,0,0,0.503333333333333,354741.836208081,0,0,0,0,0,0,0,0.367024489795918,459.743258163265,0,0,0,0,0
3044,0.66,62.2269387755102,18.544,128648.683330612,52.068,1823160.68819068,533.0838,95655399.8911544,0.0755616054302423,0.00364547717869409,0.00105100159971364,0.205669224489796,0.56976,0.00904805181697959,0.28488,0.0042656296128516,0.028488,0.000129630125227681,4.24,330.644,1651.748,330351.008280808,0.0369174005602021,0.3404,0.1287456,0.162156355555556,0.0233271668686869,1.24938775510204,225.409044897959,714.165485714286,1274.47814240816,0.0149967078589346,3.82198104166742e-06,0.0542280228571429,0.0135570057142857,0.000135570057142857
3045,15.12,7079.89551020408,319.352,6311840.35475918,424.438,16054239.400747,847.809,255799841.143221,0.492344337843987,0.0110433235596926,0.0543431092391437,0.0118785714285714,0.42744,6.2694461877551e-05,0.21372,0.000360429338747292,0.021372,9.50386192063634e-06,219.32,7309.444,15757.2322222222,240641.974309091,0.394217988930792,0.507,0.0057556,0.0545159111111111,0.0092070901010101,23.6995918367347,7018.27030204082,6612.26648571429,2875.33178877551,0.0129313159807067,0.00043593271866708,0.00443200653061225,0.00110800163265306,1.10800163265306e-05
3046,31.34,14314.5240816327,836.204,12258471.4683306,951.972,35442856.3872625,1210.1062,162457849.675041,0.74078284894358,0.0035262028294871,0.176668523808197,0.00132424489795918,0.27756,3.64942857142857e-07,0.13878,1.95913063869992e-05,0.013878,5.62723553928275e-07,713.92,9743.006,19614.4831111111,161491.016365657,0.662449382694837,0.3132,8e-04,0.0219527777777778,0.00376275252525253,16.4738775510204,14345.2301877551,12997.2779755102,5717.78563220408,0.0026115974907796,0.00087657655469432,0.000724945306122449,0.000181236326530612,1.81236326530612e-06
3047,37.66,9322.44448979592,1277.96,9293467.64826531,1398.922,41357415.1629281,1534.7164,28755269.6543111,0.817591267262325,0.00148590078132582,0.283217749610446,0.00037730612244898,0.23832,5.37837142857143e-08,0.11916,4.35220729856387e-06,0.011916,1.26553257648595e-07,1145.38,9945.33,21133.7508888889,123329.665939394,0.7527791881911,0.2668,0.0003586,0.0159976888888889,0.00275019717171717,6.39224489795918,8003.73714285714,6377.45317959184,2738.38805208163,0.000961842481458218,0.00056331466035699,0.000226017959183673,5.65044897959184e-05,5.65044897959184e-07
3048,40.34,8745.4693877551,1590.732,15201707.7385469,1721.302,34326979.3227669,1801.7188,18133771.9433854,0.844295121609853,0.000821499962948752,0.357919725201966,0.000222081632653061,0.22548,1.89102448979592e-08,0.11274,1.67274110808768e-06,0.011274,4.90419805529632e-08,1449,11030.468,24165.3935555556,109842.099874747,0.782684937289103,0.2494,0.0002314,0.0142530888888889,0.00245348262626263,5.73918367346939,8378.45487346939,7424.6414244898,4516.16494955102,0.000653458553639844,0.000533342613461644,0.000101683265306123,2.54208163265306e-05,2.54208163265306e-07
3049,42.14,5155.52816326531,1839.828,17356286.2642612,1981.328,57746474.716804,2051.9772,8591514.40743736,0.857314301122209,0.000644035799568317,0.416949339984045,9.79591836734693e-05,0.2176,9.81881632653061e-09,0.1088,7.07226275636181e-07,0.01088,2.09100560311005e-08,1689.32,12152.832,28063.1373333333,104025.053074747,0.796315551296163,0.238,0.0001666,0.0132392444444444,0.0022807204040404,3.10244897959184,4535.8579755102,3928.19266938776,2735.21156751021,0.000470070317247505,0.00031909171967958,4.58775510204082e-05,1.1469387755102e-05,1.14693877551021e-07
3050,42.84,5777.45959183674,2035.928,9900725.28452653,2182.542,48757401.6855057,2248.4772,7425530.48546101,0.865069078104679,0.000401026464424793,0.462518172707532,0.000175510204081633,0.21428,1.10483265306122e-08,0.10714,9.82733374149659e-07,0.010714,2.87177067704878e-08,1875.36,12885.158,29965.4628888889,102464.022820202,0.805021744055798,0.234,0.0001508,0.0128391777777778,0.00221219252525253,5.15755102040816,5293.23715918368,4762.12615918367,2912.20988587755,0.000268153769761542,0.000358112428595548,6.51444897959183e-05,1.62861224489796e-05,1.62861224489796e-07
3051,43.32,7024.8118367347,2196.28,8031852.95873061,2349.984,32524763.6729909,2412.7018,6946876.24135007,0.869913519733296,0.000271542446096815,0.500308639221728,0.000118408163265306,0.21276,5.94404081632653e-09,0.10638,9.63871796926177e-07,0.010638,2.85381165312577e-08,2030.38,13792.962,32644.7746666667,103247.176729293,0.810261956694165,0.2314,0.0001322,0.0126508222222222,0.00218033474747475,4.09959183673469,6462.08163265306,5979.28422857143,4809.45950485715,0.000209183848062819,0.000438698343606602,6.59412244897959e-05,1.6485306122449e-05,1.6485306122449e-07
3052,0,0,0,0,0.082,0.285942302847065,338.6246,28282655.4442931,0,0,0,0,0,0,0,0,0,0,0,0,0.141111111111111,354704.259751515,0,0,0,0,0,0,0,0.0819142857142857,468.876858,0,0,0,0,0
3053,0.4,30.2126530612245,13.532,69812.1363265306,44.974,794855.089032452,525.8112,77000355.836724,0.0422161435775459,0.00146643677556937,0.000610247731586974,0.155873469387755,0.49364,0.00995698558469388,0.24682,0.00430208933662132,0.024682,0.000124135957955333,2.46,231.08,1372.778,332824.417147475,0.0189911146319182,0.22,0.158705,0.155490111111111,0.0210862919191919,0.612244897959184,163.780587755102,508.972575510204,1494.25895771429,0.00656199974173059,1.8596020125336e-06,0.0634244391836735,0.0158561097959184,0.000158561097959184
3054,14.92,6322.85714285714,309.644,5605220.90173469,411.512,16875594.4117402,841.9678,275896522.925895,0.484491744367561,0.0104721358594879,0.0522578039728198,0.0118055510204082,0.43236,2.57874148571429e-05,0.21618,0.000476798504782565,0.021618,1.32128900636887e-05,211,7180.61,14987.7213333333,243918.607767677,0.390526544235021,0.5116,0.0055388,0.0560378444444444,0.00947785313131313,23.054693877551,6567.28700408163,6905.04556734694,2492.39129914286,0.0125462513785587,0.000387973605800805,0.00606019428571429,0.00151504857142857,1.51504857142857e-05
3055,31.54,11865.3310204082,848.9,13363931.5724245,966.144,40647792.2813001,1214.617,145117726.335663,0.741374427546692,0.00293035043302859,0.179318393116667,0.00175510204081633,0.27756,1.01704897959184e-06,0.13878,1.95549148022172e-05,0.013878,5.43989395593744e-07,724.66,9876.632,20086.6044444444,160020.753355556,0.663648620187767,0.32,0.001022,0.0220401111111111,0.00376976464646465,16.049387755102,10596.8412244898,10317.6074122449,5094.30947857143,0.00270917403532549,0.000729890926352472,0.000683312653061224,0.000170828163265306,1.70828163265306e-06
3056,38,9146.53918367347,1279.416,10931285.4598531,1399.588,39876130.0910746,1535.7152,35700875.8421474,0.817179206379268,0.00119014525366694,0.283466853588629,0.000386163265306123,0.23636,6.44752653061224e-08,0.11818,3.2326604691358e-06,0.011818,9.28157728053989e-08,1146.46,10083.388,20914.3484444444,123282.759325253,0.753010993123,0.2666,0.0003968,0.0157409555555556,0.00270446323232323,6.61224489795918,8029.4740244898,7439.18434285714,3895.54199689796,0.000979450633464139,0.000562070769484043,0.000169908571428571,4.24771428571429e-05,4.24771428571429e-07
3057,40.52,6006.94897959184,1596.116,9448630.70540408,1725.496,36808024.2052801,1812.2742,13685401.1911104,0.843240471797412,0.000611528694021075,0.358776594705223,0.000133102040816327,0.224,1.07771836734694e-08,0.112,1.26671583975813e-06,0.0112,3.75501575617649e-08,1452.1,11113.348,23907.9435555556,109314.945771717,0.783186168169215,0.2466,0.0002106,0.0140532444444444,0.0024197204040404,3.8465306122449,6033.5021877551,5540.79671836735,3609.15051057143,0.00040565162804522,0.000376558807622887,8.03265306122449e-05,2.00816326530612e-05,2.00816326530612e-07
3058,41.68,6294.98979591837,1834.54,13299206.6958531,1974.142,60222808.1198602,2041.0484,8723483.95073316,0.856611673834072,0.000573520636576584,0.414972348404831,0.00013669387755102,0.2182,9.7265306122449e-09,0.1091,1.14209091710758e-06,0.01091,3.3739145835806e-08,1681.5,11950.008,27435.97,104177.068589899,0.795522616210116,0.2402,0.00018,0.0133254444444444,0.00229512222222222,4.18122448979592,5969.02244897959,5856.03350612245,4727.41403412245,0.000416334650063522,0.000386194295196782,7.38367346938775e-05,1.84591836734694e-05,1.84591836734694e-07
3059,42.48,6105.19836734694,2014.36,17723662.6905959,2165.326,61493288.1171492,2228.5606,9912350.71699441,0.862146543967035,0.000506871316898422,0.457364357587627,0.000149428571428571,0.21744,1.05962857142857e-08,0.10872,9.70170932728647e-07,0.010872,2.85570600441021e-08,1855.16,13354.804,31694.4855555556,103616.305347475,0.801196648841087,0.2366,0.0001442,0.0132149333333333,0.00227733575757576,3.76489795918367,5594.55836734694,4517.04767755102,2844.24085065306,0.000441650814327228,0.000381348006781961,6.41697959183674e-05,1.60424489795918e-05,1.60424489795918e-07
3060,42.96,5754.58163265306,2185.276,11223628.8653224,2338.13,36836831.9778393,2401.7766,6738969.6550393,0.865697763149759,0.00030917178020888,0.495979700434225,0.00014534693877551,0.21412,9.49861224489797e-09,0.10706,7.10029472915091e-07,0.010706,2.06382191108779e-08,2012.9,14535.928,32696.4051111111,102638.061391919,0.808465339838224,0.2334,0.0001456,0.0128129111111111,0.00220784464646465,4.4065306122449,5383.54431020408,5063.04540816326,3780.82807595919,0.000233715161563038,0.000363817240712899,4.70873469387755e-05,1.17718367346939e-05,1.17718367346939e-07
