run,villages-point-mean,population-point-var,population-stability-mean-5-mean,population-stability-var-5-var,population-stability-mean-10-mean,population-stability-var-10-var,population-stability-mean-100-mean,population-stability-var-100-var,population-trend-5-mean,population-trend-10-var,population-trend-100-mean,matrilocal-point-var,matrilocal-stability-mean-5-mean,matrilocal-stability-var-5-var,matrilocal-stability-mean-10-mean,matrilocal-stability-var-10-var,matrilocal-stability-mean-100-mean,matrilocal-stability-var-100-var,population-point-mean,population-stability-var-5-mean,population-stability-var-10-mean,population-stability-var-100-mean,population-trend-10-mean,matrilocal-point-mean,matrilocal-stability-var-5-mean,matrilocal-stability-var-10-mean,matrilocal-stability-var-100-mean,villages-point-var,population-stability-mean-5-var,population-stability-mean-10-var,population-stability-mean-100-var,population-trend-5-var,population-trend-100-var,matrilocal-stability-mean-5-var,matrilocal-stability-mean-10-var,matrilocal-stability-mean-100-var
5001,41.06,6500.0506122449,1609.508,16866173.6347306,1743.282,46802953.6485769,1830.194,17520997.1986358,0.841076025271833,0.000706632316697762,0.361749149290443,0.000169836734693878,0.22124,1.22109795918367e-08,0.11062,1.27860575510204e-06,0.011062,3.76234755754203e-08,1462.48,11754.442,25487.2508888889,108561.914048485,0.779093461679239,0.2434,0.0002018,0.0137082888888889,0.00236045717171717,4.42489795918367,6078.40034285714,5395.33130204082,3903.88026122449,0.000645948771591814,0.000402890675986442,8.14514285714286e-05,2.03628571428572e-05,2.03628571428572e-07
5002,42.06,5804.40816326531,1849.448,8275780.12824898,1991.852,27290876.022716,2055.3492,13279969.7306146,0.851007043513246,0.000324987377674251,0.417533734764243,0.000167387755102041,0.2168,1.93118775510204e-08,0.1084,9.96967953640715e-07,0.01084,2.94435831089289e-08,1689,13163.546,28641.3288888889,104299.203220202,0.79160247658011,0.2386,0.0001906,0.0131585777777778,0.00226591434343434,4.58816326530612,5665.56989387755,5244.92050612245,3450.15068506122,0.000259258028764915,0.000359472872047886,6.49795918367347e-05,1.62448979591837e-05,1.62448979591837e-07
5003,43.2,4424.08,2054.944,12793063.9987918,2207.028,46127207.8815923,2266.6142,6911502.4739496,0.859814248534903,0.000361793143244995,0.466266993381607,8.28163265306122e-05,0.2128,4.10306122448979e-09,0.1064,6.52979390274628e-07,0.01064,1.93000307923598e-08,1887.96,14136.372,32322.74,103299.584252525,0.800157875816815,0.2322,0.000137,0.0126517777777778,0.00218032525252525,2.93877551020408,4089.21965714285,3662.30736326531,2569.78178404081,0.000289369280779385,0.000276112393264484,4.42448979591836e-05,1.10612244897959e-05,1.10612244897959e-07
5004,44.12,5684.40653061225,2210.66,14882233.5276571,2367.712,56505768.7598496,2431.905,9028044.87656824,0.868560768523052,0.000425293362895335,0.503712670942985,8.75102040816327e-05,0.21052,5.49975510204081e-09,0.10526,5.29893525321239e-07,0.010526,1.56695150849247e-08,2041.04,14491.736,34241.7173333333,103511.617311111,0.808347990581734,0.2268,0.0001032,0.0123668222222222,0.00213233474747475,3.45469387755102,4871.82408163266,3563.12189387755,2594.32167040816,0.000285317616209272,0.000344240816878642,3.75199999999999e-05,9.37999999999998e-06,9.37999999999999e-08
5005,49.76,10441.0840816327,2228.284,118950.626710204,2267.4,1453891.74974533,3766.863,11911259661.3811,0.973701567858492,0.000229366532996047,0.261849038721092,0,0,0,0,0,0,0,2198.76,608.032,2438.76711111111,2242019.05523434,0.939608045888165,0,0,0,0,0.186122448979592,10329.4303510204,10225.5812244898,3755.39464183673,5.5685197621509e-05,0.000146116572458957,0,0,0
5006,50,10565.2853061225,4577.916,145593.592244898,4594.6,777306.339665609,5484.1796,3814207988.8873,0.993860399592965,0.000125267630367919,0.513020406740047,0,0,0,0,0,0,0,4562.98,275.34,772.543111111111,1099045.61170505,0.987060237250485,0,0,0,0,0,10118.8540244898,10314.0032653061,3099.68628146938,4.32776362499116e-05,0.00013291192885655,0,0,0
5007,50,10196.6759183673,6669.632,76057.9593836735,6673.342,766299.016202016,7140.6692,1594428722.71384,0.999497776651458,0.00011621749887593,0.711195599164116,0,0,0,0,0,0,0,6668.24,224.298,727.258,434994.696375758,0.998379289778921,0,0,0,0,0,10047.757322449,9399.07840408164,2994.52159118367,2.82751846528142e-05,0.000117693205977456,0,0,0
5008,50,11616.5942857143,8419.196,130351.261697959,8422.382,4173775.60903205,8627.48,317510258.515062,0.999055633030336,0.00013674774590916,0.854509058469069,0,0,0,0,0,0,0,8415.24,346.144,1348.05622222222,136382.988286869,0.998922929742373,0,0,0,0,0,10864.0595755102,9520.81783265307,2275.66693469388,2.79657237007866e-05,0.000124661761114113,0,0,0
5009,50,8439.76530612245,9817.144,394058.332983673,9819.926,3205188.22284812,9903.1502,80674685.4875094,0.999592050419933,7.72225669445841e-05,0.951936617483373,0,0,0,0,0,0,0,9814.9,496.674,1130.33933333333,30896.3858525253,0.99928228379212,0,0,0,0,0,9804.73475918368,10281.027677551,2430.37759791838,3.09588687879986e-05,7.53493163386361e-05,0,0,0
5010,50,6977.93632653061,11018.932,164858.108995918,11020.2,745517.61525543,11030.2236,13893783.6206573,0.999473513012902,4.82569757224667e-05,1.02379746415295,0,0,0,0,0,0,0,11015.68,293.628,802.348,8728.20857373737,0.999803535168256,0,0,0,0,0,6766.80915918368,6599.53755102041,1440.19705616326,1.35210243511194e-05,5.77357121979964e-05,0,0,0
5011,50,6975.57918367347,12046.456,506413.835036735,12038.964,4202745.84757793,11991.0202,10952016.3941733,1.00154683923373,6.9433769118335e-05,1.07706132555528,0,0,0,0,0,0,0,12055.18,458.392,1565.988,18313.2456383838,1.00230831759418,0,0,0,0,0,6397.68006530613,5189.38928979592,1371.57694893878,1.59861411227235e-05,5.42339457612941e-05,0,0,0
5012,50,4707.97918367347,12908.272,179197.686485714,12910.718,721321.136520081,12856.9748,17370167.9702172,0.999762492992724,3.20255204751425e-05,1.11053994794748,0,0,0,0,0,0,0,12907.02,353.038,898.643777777778,38676.3838262626,0.999150064452799,0,0,0,0,0,5011.21593469387,5071.47660816326,853.963854040817,1.19121552501696e-05,3.48712875572754e-05,0,0,0
5013,50,4391.00571428571,13653.664,193828.143595918,13658.36,2507408.43019683,13601.9876,24079151.3230774,0.999666877407762,4.08148098476296e-05,1.13405494224502,0,0,0,0,0,0,0,13651.88,422.274,1205.564,59124.7033171717,0.99898244328782,0,0,0,0,0,4512.1754122449,4276.23551020409,736.214655346929,1.23405320865902e-05,3.46866273325878e-05,0,0,0
5014,42.56,5177.0306122449,1964.832,17797798.2869224,2148.398,82165738.1677203,3757.1236,8222154363.19715,0.828665070972582,0.000366130232483162,0.211162424135761,9.04489795918367e-05,0.21532,1.39361632653061e-08,0.10766,6.39357102040816e-07,0.010766,1.86436194377916e-08,1773.1,20478.204,47262.9602222222,2262981.00848081,0.75018083312509,0.2356,0.0001984,0.0129779777777778,0.00223443616161616,2.41469387755102,5896.96385306122,5671.25244489796,2364.69951738775,0.000256826822942139,7.27813636308504e-05,4.14057142857143e-05,1.03514285714286e-05,1.03514285714286e-07
5015,48.74,12715.3065306122,4087.524,46333241.0664857,4329.88,208714991.255822,5455.1476,6839502206.39764,0.883812626378814,0.000168429471678258,0.431864717941342,4.99999999999999e-05,0.20052,1.37244897959184e-09,0.10026,5.40282816830435e-08,0.010026,1.59699077457736e-09,3841.14,38268.938,82856.7786666667,1166496.27880404,0.837373720598501,0.203,1.7e-05,0.0111776666666667,0.0019300696969697,1.25755102040816,12182.6643102041,12214.7273469388,3972.07163085715,9.96412376310029e-05,0.000161699198428067,4.21387755102041e-06,1.0534693877551e-06,1.0534693877551e-08
5016,49.98,6729.19020408163,6099.904,62773391.237698,6384.188,189203605.402207,7113.009,2394229584.21984,0.894303668368221,6.72827268311091e-05,0.61603244957091,0,0.19592,7.4658612244898e-08,0.09796,1.32181599395314e-07,0.009796,5.03071176427229e-09,5775.44,71899.116,122220.346666667,483799.870652525,0.865897756117916,0.2,0.0001784,0.0107467555555556,0.00184977050505051,0.02,7285.33263673469,7183.2578122449,4010.68548265306,2.82187497514085e-05,7.74195454795746e-05,1.86057142857143e-05,4.65142857142858e-06,4.65142857142857e-08
5017,50,6496.80653061225,7783.488,84987688.5122449,8101.004,336882430.15755,8584.0446,314463765.375901,0.900233860673323,5.92766910440755e-05,0.749245490739775,0,0.18296,9.3185306122449e-07,0.09148,1.81751977828168e-07,0.009148,9.472478368513e-09,7378.64,106508.44,160020.881777778,175484.609888889,0.875908190297605,0.2,0.001344,0.00991066666666667,0.0016629696969697,0,6698.41005714287,6142.04733061224,1616.17675595918,1.64593576575728e-05,6.68662359020102e-05,5.47330612244897e-05,1.36832653061224e-05,1.36832653061224e-07
5018,50,6148.31387755102,9190.124,61837116.6376531,9509.018,320289167.076499,9871.7558,95816580.0004949,0.909601492585744,4.27906640778205e-05,0.848291260033669,0,0.16976,1.90451983673469e-06,0.08488,2.48571420508944e-07,0.008488,1.23519802395841e-08,8741.82,119900.57,167019.625555556,58526.9133272727,0.889354669906578,0.2,0.0025584,0.00916675555555556,0.00149031595959596,0,7238.13533061224,7222.34558775509,1387.34037995918,6.88454566575065e-06,5.78579551727211e-05,9.02269387755102e-05,2.25567346938776e-05,2.25567346938775e-07
5019,50,7588.89795918367,10391.66,133620082.617343,10697.48,426150483.886208,11005.505,36819730.1430121,0.921953811657527,5.00994336156526e-05,0.924962320396083,0,0.1608,1.42836310204082e-06,0.0804,4.48342042831948e-07,0.00804,1.69433293305764e-08,9951.2,111084.802,154210.175555556,32571.5912707071,0.904338566327487,0.2,0.0028104,0.00846008888888889,0.00135909171717172,0,8932.62734693877,8703.86489795919,1691.46675204082,1.39247595549346e-05,6.90435493259998e-05,0.000105142857142857,2.62857142857143e-05,2.62857142857143e-07
5020,50,5033.42897959184,11422.568,106325242.961127,11726.878,351788818.097618,11978.5292,29855756.5815019,0.930895318244941,3.49428351029711e-05,0.981971314721501,3.67346938775511e-05,0.15008,2.36507689795918e-06,0.07504,8.00586110355253e-07,0.007504,2.70812692555737e-08,10996.14,103866.436,149845.645555556,38218.5238181818,0.91370488266801,0.198,0.0031792,0.00771982222222222,0.00121781656565657,0,5502.31895510205,5006.84297551023,1196.51894628572,1.01087172634171e-05,4.14866069191971e-05,0.00018432,4.608e-05,4.608e-07
