run,villages-point-mean,population-point-var,population-stability-mean-5-mean,population-stability-var-5-var,population-stability-mean-10-mean,population-stability-var-10-var,population-stability-mean-100-mean,population-stability-var-100-var,population-trend-5-mean,population-trend-10-var,population-trend-100-mean,matrilocal-point-var,matrilocal-stability-mean-5-mean,matrilocal-stability-var-5-var,matrilocal-stability-mean-10-mean,matrilocal-stability-var-10-var,matrilocal-stability-mean-100-mean,matrilocal-stability-var-100-var,population-point-mean,population-stability-var-5-mean,population-stability-var-10-mean,population-stability-var-100-mean,population-trend-10-mean,matrilocal-point-mean,matrilocal-stability-var-5-mean,matrilocal-stability-var-10-mean,matrilocal-stability-var-100-mean,villages-point-var,population-stability-mean-5-var,population-stability-mean-10-var,population-stability-mean-100-var,population-trend-5-var,population-trend-100-var,matrilocal-stability-mean-5-var,matrilocal-stability-mean-10-var,matrilocal-stability-mean-100-var
181,38.64,81603.7587755102,2390.132,48292.5965755102,2400.764,382259.115268531,2561.83,127556211.569812,0.992784317305813,0.000366414400205903,0.875595772308475,0,0,0,0,0,0,0,2381.42,142.866,457.041333333333,14307.9663030303,0.98423341948567,0,0,0,0,9.21469387755102,81645.2712,82002.0194938776,63911.553122449,9.69347433144286e-05,0.00397048990402146,0,0,0
182,50,34710.2220408163,9544.328,279986.318367347,9541.508,2416700.06754346,9559.4328,100262549.021797,1.00047771632712,8.87889495315518e-05,0.999236654931064,0,0,0,0,0,0,0,9546.68,356.84,1114.32666666667,13768.1085454545,1.00086398399671,0,0,0,0,0,32732.714710204,30961.5550367347,10562.8228817959,2.30514231678554e-05,0.000618939591166133,0,0,0
183,50,22964.0248979592,13778.396,418621.725616327,13772.812,2887029.87507181,13749.2366,119764113.198303,1.00077377535097,6.1714437261049e-05,1.00305712922152,0,0,0,0,0,0,0,13782.66,472.836,1681.49333333333,15218.0392989899,1.00122513520534,0,0,0,0,0,23220.7208,21240.3761795918,9554.42460657144,1.38983594902447e-05,0.000214030909751395,0,0,0
184,50,14528.6759183673,17110.064,2660961.94989796,17107.09,12854204.5516667,17123.7666,105908772.000086,1.00045756796936,6.26735571271289e-05,0.999351710191036,0,0,0,0,0,0,0,17114.24,830.03,2727.75222222222,17447.3479656566,1.00080632802866,0,0,0,0,0,14896.1019428572,14062.6335714286,5092.45881473472,1.63714935917338e-05,0.000131931179683474,0,0,0
185,50,20264.1485714286,19912.948,3222335.43451429,19903.188,16732555.0444795,19888.6274,57368646.4678938,1.00046531708554,5.10168794840132e-05,1.00124750828806,0,0,0,0,0,0,0,19916.12,995.724,3046.13288888889,17843.6473030303,1.00160794743056,0,0,0,0,0,18626.6919346938,17446.4541387755,3892.45850942857,1.46239847124033e-05,0.000118559685547407,0,0,0
186,50,19958.2959183674,22213.256,914204.358697959,22212.764,5601905.55596755,22212.423,44541111.4381659,1.00015434812095,2.98382489748627e-05,1.00081210432919,0,0,0,0,0,0,0,22215.3,709.674,2144.796,13544.7663535354,1.00019702677867,0,0,0,0,0,20452.8278204082,18503.0815346939,4292.26834795916,8.17936216416229e-06,8.09159159673667e-05,0,0,0
187,50,17751.2016326531,24201.212,1718577.87361633,24201.846,8304387.98234442,24188.7394,51845588.843112,0.999479598877593,3.43348798071947e-05,0.999566518003122,0,0,0,0,0,0,0,24193.68,963.184,2838.12555555556,14126.8658808081,0.999908750273621,0,0,0,0,0,18354.6978122449,16003.331922449,2830.74884248982,9.37622800507779e-06,6.0812502633626e-05,0,0,0
188,50,19138.5616326531,25936.676,2147802.47020816,25938.492,21999981.9941043,25928.0834,25723883.255415,0.999671791208678,3.81029201503706e-05,1.00054607353004,0,0,0,0,0,0,0,25932.36,1304.214,3895.78666666667,11485.8204909091,0.999823013692902,0,0,0,0,0,18321.9753306123,14936.675444898,2310.19526371427,1.1071222408391e-05,4.01609004053659e-05,0,0,0
189,50,10759.6963265306,27426.948,3046634.12938776,27421.024,10249224.8656359,27432.0936,22489641.7197656,1.00047794996584,2.57141944803486e-05,0.999921269156074,0,0,0,0,0,0,0,27433.24,1358.02,2729.64088888889,10941.3607151515,1.00068540331472,0,0,0,0,0,7652.85846530618,7621.80267755101,2160.79197044896,1.06157992599858e-05,3.09708105288827e-05,0,0,0
190,0,0,0,0,0,0,0,0,0,0,0,0,0,0,0,0,0,0,0,0,0,0,0,0,0,0,0,0,0,0,0,0,0,0,0,0
191,0,0,0,0,0,0,0,0,0,0,0,0,0,0,0,0,0,0,0,0,0,0,0,0,0,0,0,0,0,0,0,0,0,0,0,0
192,37.1,193687.65877551,9540.44,220646.674387755,9560.288,2508710.29407911,9959.063,1185570298.45442,0.997628437204429,7.1051693197478e-05,0.917755944093109,0.000271673469387755,0.25788,2.90779591836736e-09,0.25686,5.00865154950869e-09,0.246488,2.22460241209872e-08,9528.12,435.55,1489.26222222222,74797.0557878788,0.992249044504467,0.2576,1.94e-05,3.98e-05,0.000228730101010101,2.94897959183673,191870.235102041,188406.372506123,149096.263470408,2.3094629016283e-05,0.000458173413565221,0.000268964897959184,0.00026298,0.000109043934693878
193,50,20533.7881632653,16893.944,860872.395612245,16896.354,7862919.17422872,16894.4278,43111372.6831804,1.00004273583943,4.85019338371276e-05,1.00112627767832,0,0.2,0,0.2,0,0.2,0,16894.74,629.59,1924.60911111111,13053.0746888889,0.999475812506027,0.2,0,0,0,0,20305.8253714286,19084.947432653,5372.75351546941,1.25786488879939e-05,0.000120739671598354,0,0,0
194,50,25687.8791836735,19786.252,2252000.78741224,19790.568,3095254.37912341,19776.3312,77315818.9313895,0.999576172272216,2.12543191201605e-05,1.00046373903329,0,0.2,0,0.2,0,0.2,0,19781.72,812.156,1514.03644444444,16551.9693010101,0.999400089830882,0.2,0,0,0,0,24869.0527510204,22457.4414040816,4398.99581485715,1.13774733830148e-05,0.000122973656468762,0,0,0
195,50,13612.7983673469,22153.376,1490177.67979184,22155.782,10494164.9569393,22153.5822,25861537.5369613,0.999979706700183,4.50891212551296e-05,1.00093528263351,0,0.2,0,0.2,0,0.2,0,22152.76,1251.002,3249.70733333333,12123.1218040404,0.999661578142142,0.2,0,0,0,0,11179.4622693877,11602.8549755101,3352.99618077554,1.53969532446653e-05,6.69793872693596e-05,0,0,0
196,50,18521.5444897959,24142.604,1475978.04295918,24144.458,8725219.77336301,24149.8604,57410232.0003856,1.0002503648898,3.02575844194641e-05,0.998701287074823,0,0.2,0,0.2,0,0.2,0,24146.08,1029.79,2673.20422222222,13218.845789899,0.999761972488465,0.2,0,0,0,0,15560.4889632652,14365.0290163265,3406.43099983671,1.02217468546257e-05,3.97517340677007e-05,0,0,0
197,50,18982.2759183673,25865.736,1389858.08359592,25869.954,16014849.3919337,25883.856,48092589.8782055,0.999935432674663,3.19421258785792e-05,0.998764109235593,0,0.2,0,0.2,0,0.2,0,25866.36,922.774,3323.13666666667,12442.0797131313,0.999401611623091,0.2,0,0,0,0,17774.6848000001,13202.6253918368,2465.53423265308,7.63612063186424e-06,3.79534790467065e-05,0,0,0
198,50,11707.4893877551,27392.444,1901560.4020449,27386.754,13175630.9230134,27407.2828,21310508.0334917,1.00003435840995,2.9231435406738e-05,0.999873926658203,0,0.2,0,0.2,0,0.2,0,27390.98,1257.214,3421.59044444444,11444.7817414141,1.00045483741233,0.2,0,0,0,0,11285.1792489796,10473.1041673469,1742.77846955102,1.00373042117941e-05,3.89814911213555e-05,0,0,0
199,0,0,0,0,0,0,0,0,0,0,0,0,0,0,0,0,0,0,0,0,0,0,0,0,0,0,0,0,0,0,0,0,0,0,0,0
200,0,0,0,0,0,0,0,0,0,0,0,0,0,0,0,0,0,0,0,0,0,0,0,0,0,0,0,0,0,0,0,0,0,0,0,0
