run,villages-point-mean,population-point-var,population-stability-mean-5-mean,population-stability-var-5-var,population-stability-mean-10-mean,population-stability-var-10-var,population-stability-mean-100-mean,population-stability-var-100-var,population-trend-5-mean,population-trend-10-var,population-trend-100-mean,matrilocal-point-var,matrilocal-stability-mean-5-mean,matrilocal-stability-var-5-var,matrilocal-stability-mean-10-mean,matrilocal-stability-var-10-var,matrilocal-stability-mean-100-mean,matrilocal-stability-var-100-var,population-point-mean,population-stability-var-5-mean,population-stability-var-10-mean,population-stability-var-100-mean,population-trend-10-mean,matrilocal-point-mean,matrilocal-stability-var-5-mean,matrilocal-stability-var-10-mean,matrilocal-stability-var-100-mean,villages-point-var,population-stability-mean-5-var,population-stability-mean-10-var,population-stability-mean-100-var,population-trend-5-var,population-trend-100-var,matrilocal-stability-mean-5-var,matrilocal-stability-mean-10-var,matrilocal-stability-mean-100-var
2021,50,19130.7085714286,19923.236,976224.752228572,19913.394,10011555.6059794,19867.5268,58615741.4144797,1.00034426772389,3.59108672461489e-05,1.00367386026529,0,0,0,0,0,0,0,19924.84,674.604,2313.10377777778,13306.5682868687,1.00149646445798,0,0,0,0,0,20097.3562285714,18213.3728204082,4659.57824261227,9.5052732717997e-06,0.000114215698763476,0,0,0
2022,50,23635.1118367347,22227.48,439464.990485714,22219.228,7310046.59943885,22226.0424,47936017.4550187,1.00083535252481,3.52142432783765e-05,1.00025404992441,0,0,0,0,0,0,0,22238.48,658.382,2498.49866666667,14243.8834060606,1.00133471469062,0,0,0,0,0,23338.4081632653,20217.211444898,4019.23064310201,7.15126212759954e-06,8.03337896055233e-05,0,0,0
2023,50,18336.3167346939,24207.712,1991029.13846531,24214.372,12990496.9595316,24199.3484,44611850.8486466,0.999562081721446,3.64860377235766e-05,0.999011183187572,0,0,0,0,0,0,0,24202.36,1150.552,3266.11422222222,13872.7373252525,0.999130545162352,0,0,0,0,0,15835.9708734693,13756.3334857143,2569.93374024491,1.14583742178799e-05,5.12279733428548e-05,0,0,0
2024,50,18628.613877551,25924.188,4237159.50561633,25915.764,27805214.8099019,25913.5514,33908481.0173504,0.999992042943626,3.83321339015298e-05,1.00013360755249,0,0,0,0,0,0,0,25924.28,1673.564,3973.95244444444,13273.1570525253,1.00109928616954,0,0,0,0,0,15500.2259755102,11673.7011265305,1977.02803677548,1.46405200889203e-05,5.25263878556517e-05,0,0,0
2025,50,14691.6995918367,27423.304,754972.24724898,27427.632,8988834.34708108,27437.6764,23299644.0866505,0.999486856554583,2.39453196869197e-05,0.999800802948069,0,0,0,0,0,0,0,27415.88,819.564,2898.15022222222,11781.7497656566,0.999382181556528,0,0,0,0,0,14791.6575346938,12209.3034448979,1865.62307657141,5.64831136675238e-06,3.53442515574067e-05,0,0,0
2026,0,0,0,0,0,0,0,0,0,0,0,0,0,0,0,0,0,0,0,0,0,0,0,0,0,0,0,0,0,0,0,0,0,0,0,0
2027,0,0,0,0,0,0,0,0,0,0,0,0,0,0,0,0,0,0,0,0,0,0,0,0,0,0,0,0,0,0,0,0,0,0,0,0
2028,0,0,0,0,0,0,0,0,0,0,0,0,0,0,0,0,0,0,0,0,0,0,0,0,0,0,0,0,0,0,0,0,0,0,0,0
2029,0,0,0,0,0,0,0,0,0,0,0,0,0,0,0,0,0,0,0,0,0,0,0,0,0,0,0,0,0,0,0,0,0,0,0,0
2030,0,0,0,0,0,0,0,0,0,0,0,0,0,0,0,0,0,0,0,0,0,0,0,0,0,0,0,0,0,0,0,0,0,0,0,0
2031,0,0,0,0,0,0,0,0,0,0,0,0,0,0,0,0,0,0,0,0,0,0,0,0,0,0,0,0,0,0,0,0,0,0,0,0
2032,0,0,0,0,0,0,24.6564,6996724108.59804,0,0,0,0,0,0,0,0,0.040676,0.00354608494492912,0,0,0,23412.0581979798,0,0,0,0,0.0331571454545455,0,0,0,4595.12481942857,0,0,0,0,0.00605968267755102
2033,47.78,506113.087346939,23723.548,1454742.16360816,23726.308,7714596.246581,23848.9848,1318644340.66374,0.999551955417784,2.71131056431753e-05,0.987579311353527,0.001282,0.15192,8.74857142857143e-08,0.1554,1.19083670445956e-07,0.157222,1.28295208334885e-07,23716.88,1024.008,2371.23333333333,27166.027749495,0.999330516336788,0.1558,0.000272,0.000461466666666667,0.000924027676767677,2.0934693877551,511048.278873469,511900.766465306,393437.659486694,9.84505400119528e-06,0.00022784771828049,0.00114317714285714,0.000761551020408163,0.000151056444897959
2034,50,7459.9106122449,26859.588,856656.751122449,26850.088,1780736.30740922,26857.1322,9812801.82596258,1.00031430451909,1.29866429716993e-05,1.00002568941251,0.00096065306122449,0.1604,2.82390204081633e-08,0.15972,1.70071889140842e-07,0.165016,2.90514307569615e-07,26862.74,712.75,1719.35733333333,6651.44958585859,1.00122910154591,0.1616,0.0001224,0.000276533333333333,0.000814238383838384,0,6982.18189387758,5861.28026122446,944.408197102046,5.05370773409739e-06,2.34418770978665e-05,0.000910530612244898,0.00085861387755102,0.000381493616326531
2035,0,0,0,0,0,0,0,0,0,0,0,0,0,0,0,0,0,0,0,0,0,0,0,0,0,0,0,0,0,0,0,0,0,0,0,0
2036,0,0,0,0,0,0,0,0,0,0,0,0,0,0,0,0,0,0,0,0,0,0,0,0,0,0,0,0,0,0,0,0,0,0,0,0
2037,0,0,0,0,0,0,0,0,0,0,0,0,0,0,0,0,0,0,0,0,0,0,0,0,0,0,0,0,0,0,0,0,0,0,0,0
2038,0,0,0,0,0,0,0,0,0,0,0,0,0,0,0,0,0,0,0,0,0,0,0,0,0,0,0,0,0,0,0,0,0,0,0,0
2039,0,0,0,0,0,0,0,0,0,0,0,0,0,0,0,0,0,0,0,0,0,0,0,0,0,0,0,0,0,0,0,0,0,0,0,0
2040,0,0,0,0,0,0,0,0,0,0,0,0,0,0,0,0,0,0,0,0,0,0,0,0,0,0,0,0,0,0,0,0,0,0,0,0
