run,villages-point-mean,population-point-var,population-stability-mean-5-mean,population-stability-var-5-var,population-stability-mean-10-mean,population-stability-var-10-var,population-stability-mean-100-mean,population-stability-var-100-var,population-trend-5-mean,population-trend-10-var,population-trend-100-mean,matrilocal-point-var,matrilocal-stability-mean-5-mean,matrilocal-stability-var-5-var,matrilocal-stability-mean-10-mean,matrilocal-stability-var-10-var,matrilocal-stability-mean-100-mean,matrilocal-stability-var-100-var,population-point-mean,population-stability-var-5-mean,population-stability-var-10-mean,population-stability-var-100-mean,population-trend-10-mean,matrilocal-point-mean,matrilocal-stability-var-5-mean,matrilocal-stability-var-10-mean,matrilocal-stability-var-100-mean,villages-point-var,population-stability-mean-5-var,population-stability-mean-10-var,population-stability-mean-100-var,population-trend-5-var,population-trend-100-var,matrilocal-stability-mean-5-var,matrilocal-stability-mean-10-var,matrilocal-stability-mean-100-var
1901,0,0,0,0,0,0,0,0,0,0,0,0,0,0,0,0,0,0,0,0,0,0,0,0,0,0,0,0,0,0,0,0,0,0,0,0
1902,0,0,0,0,0,0,0,0,0,0,0,0,0,0,0,0,0,0,0,0,0,0,0,0,0,0,0,0,0,0,0,0,0,0,0,0
1903,0,0,0,0,0,0,0,0,0,0,0,0,0,0,0,0,0,0,0,0,0,0,0,0,0,0,0,0,0,0,0,0,0,0,0,0
1904,0,0,0,0,0,0,0,0,0,0,0,0,0,0,0,0,0,0,0,0,0,0,0,0,0,0,0,0,0,0,0,0,0,0,0,0
1905,0,0,0,0,0,0,0,0,0,0,0,0,0,0,0,0,0,0,0,0,0,0,0,0,0,0,0,0,0,0,0,0,0,0,0,0
1906,0,0,0,0,0,0,0,0,0,0,0,0,0,0,0,0,0,0,0,0,0,0,0,0,0,0,0,0,0,0,0,0,0,0,0,0
1907,0,0,0,0,0,0,0,0,0,0,0,0,0,0,0,0,0,0,0,0,0,0,0,0,0,0,0,0,0,0,0,0,0,0,0,0
1908,0,0,0,0,0,0,0,0,0,0,0,0,0,0,0,0,0,0,0,0,0,0,0,0,0,0,0,0,0,0,0,0,0,0,0,0
1909,38.46,74832.5126530612,2405.156,25572.3489959184,2412.662,264187.65136513,2543.745,70405046.7413995,0.994611084607948,0.000334027943049808,0.88655027183936,0,0,0,0,0,0,0,2398.24,107.528,320.343777777778,12382.902810101,0.989034179475843,0,0,0,0,10.2126530612245,74677.7604734694,73711.5207714286,58912.3642785714,8.94486458467348e-05,0.00402395950714895,0,0,0
1910,50,35747.6004081633,9542.396,192847.112330612,9540.01,1508118.84907881,9572.1388,88135674.0690415,1.000219364337,7.63701502524617e-05,0.99763361808797,0,0,0,0,0,0,0,9543.54,377.254,1009.602,11560.1749737374,1.00082134331675,0,0,0,0,0,34936.746922449,32587.138877551,11141.4366434286,2.41794662447108e-05,0.000608125392183513,0,0,0
1911,50,26287.2689795918,13769.172,1255209.51357143,13773.122,11354220.4040367,13772.2276,79774948.1225098,0.999912847777534,7.08614255525134e-05,0.999383580228378,0,0,0,0,0,0,0,13769.42,670.05,1977.50644444444,13214.2350707071,0.999368300862034,0,0,0,0,0,23892.7494040816,21430.7707306123,7863.04150840816,2.16314420749969e-05,0.000218081635588089,0,0,0
1912,50,14410.5714285714,17077.024,2392509.79424082,17086.854,8425013.62749453,17117.6706,62161379.9922888,0.998984928652322,4.78205519144281e-05,0.998036135586045,0,0,0,0,0,0,0,17069,999.262,2157.38644444444,14050.7608545455,0.998197476999185,0,0,0,0,0,12320.6753306123,11405.1478408163,6801.80127514282,1.9747596704066e-05,0.000127537643777231,0,0,0
1913,50,19205.4693877551,19861.88,597287.36244898,19864.87,5388684.08722605,19876.4564,54402898.3448422,0.999930045686914,3.22107725458241e-05,0.999076397353992,0,0,0,0,0,0,0,19861.4,641.66,1941.48733333333,15596.2503838384,0.999587668873995,0,0,0,0,0,21079.4220408164,21147.4515306124,5084.12675412245,9.1615066659942e-06,0.000103973277585492,0,0,0
1914,50,20691.8351020408,22213.904,2670068.5124449,22208.166,23882775.3575229,22204.543,41188873.2241751,1.00077128871876,4.75776814818236e-05,1.0016527662688,0,0,0,0,0,0,0,22220.96,1099.298,3349.53266666667,13779.851549495,1.00087236878563,0,0,0,0,0,17784.8493714285,13771.8929020408,2440.47011938774,1.2080311134946e-05,5.53266615919906e-05,0,0,0
1915,50,13897.2506122449,24224.896,3892563.03897551,24218.184,13837979.1872564,24200.9036,64573246.8307282,1.00033404076594,3.66187508270632e-05,1.0027602471416,0,0,0,0,0,0,0,24227.12,1420.298,3320.04755555556,14524.2026262626,1.00089668052631,0,0,0,0,0,11995.3783510204,12109.9176979592,2431.41112963267,1.44257499959314e-05,4.93687057191308e-05,0,0,0
1916,50,11169.9873469388,25952.656,1001638.2037102,25946.488,5294959.9966327,25934.6262,29899449.0694957,0.999666500820199,1.70907404331528e-05,1.00046429752021,0,0,0,0,0,0,0,25946.18,979.042,1929.35155555556,11629.3893313131,1.00080625057635,0,0,0,0,0,10779.6898612245,10063.6912816326,2165.2773832245,7.82965284798577e-06,4.26482916819511e-05,0,0,0
1917,50,13631.0840816327,27437.844,2251832.47585306,27446.276,11683252.1830789,27434.3992,55971595.1252294,0.999758076718464,2.78974824842102e-05,0.99946120788219,0,0,0,0,0,0,0,27435.24,1328.392,3437.45111111111,14613.4414868687,0.998952806616128,0,0,0,0,0,13354.2470040817,13664.2834938775,1104.08976261222,1.00814292898242e-05,3.96826071717011e-05,0,0,0
1918,0,0,0,0,0,0,0,0,0,0,0,0,0,0,0,0,0,0,0,0,0,0,0,0,0,0,0,0,0,0,0,0,0,0,0,0
1919,0,0,0,0,0,0,0,0,0,0,0,0,0,0,0,0,0,0,0,0,0,0,0,0,0,0,0,0,0,0,0,0,0,0,0,0
1920,0,0,0,0,0,0,0,0,0,0,0,0,0,0,0,0,0,0,0,0,0,0,0,0,0,0,0,0,0,0,0,0,0,0,0,0
