run,villages-point-mean,population-point-var,population-stability-mean-5-mean,population-stability-var-5-var,population-stability-mean-10-mean,population-stability-var-10-var,population-stability-mean-100-mean,population-stability-var-100-var,population-trend-5-mean,population-trend-10-var,population-trend-100-mean,matrilocal-point-var,matrilocal-stability-mean-5-mean,matrilocal-stability-var-5-var,matrilocal-stability-mean-10-mean,matrilocal-stability-var-10-var,matrilocal-stability-mean-100-mean,matrilocal-stability-var-100-var,population-point-mean,population-stability-var-5-mean,population-stability-var-10-mean,population-stability-var-100-mean,population-trend-10-mean,matrilocal-point-mean,matrilocal-stability-var-5-mean,matrilocal-stability-var-10-mean,matrilocal-stability-var-100-mean,villages-point-var,population-stability-mean-5-var,population-stability-mean-10-var,population-stability-mean-100-var,population-trend-5-var,population-trend-100-var,matrilocal-stability-mean-5-var,matrilocal-stability-mean-10-var,matrilocal-stability-mean-100-var
1381,50,21160.8085714286,17036.788,1479949.46408163,17044.258,8057107.7814644,17043.8178,132276092.602431,0.999736519373662,4.66086244022789e-05,0.997739315347861,0.000850448979591837,0.0324,2.74292244897959e-08,0.03116,3.10657273872512e-08,0.030696,9.04041183302828e-08,17035.74,785.86,1982.226,16490.1433919192,0.998566166383949,0.0316,0.0001656,0.000228711111111111,0.000528412121212121,0,20172.219444898,19589.9020775511,5593.65371955103,1.60235097606427e-05,0.000131772175304259,0.000764244897959184,0.00064328,0.000166599575510204
1382,50,12903.387755102,19844.884,1888927.74663265,19849.91,10757318.8547657,19840.5056,65635438.3373669,0.999927916200242,5.35088690551141e-05,1.00155940960914,0.000382204081632653,0.02104,1.50308571428571e-08,0.0214,2.86899390274628e-08,0.02336,8.29319531133225e-08,19844,1035.61,3056.10777777778,13997.4599959596,0.999273221893424,0.0212,0.0001024,0.000164355555555556,0.000405860202020202,0,11153.8107591837,11744.9192857144,3350.61323738774,1.59197677826965e-05,7.22036359670161e-05,0.00037408,0.000404612244897959,0.000155947755102041
1383,50,16381.3126530612,22158.144,949902.300118367,22154.826,8769961.3130647,22185.3002,35239676.353358,1.0003894027943,2.93821480863123e-05,0.998953844657707,0.000359183673469388,0.01824,9.31330612244898e-09,0.01948,1.52976689342404e-08,0.019868,3.02025360137762e-08,22162.56,860.122,2204.04644444444,13424.4911252525,1.00026518355356,0.02,0.0001064,0.000153866666666667,0.000350431515151515,0,14789.6914938776,12728.1203306122,3357.95904689796,1.0166554306894e-05,6.7751520004503e-05,0.000269165714285714,0.000249438367346939,9.66687510204082e-05
1384,50,15302.3248979592,24174.808,2419279.25102041,24169.23,12254317.6526694,24190.6742,37001695.1833211,1.00056618715072,3.85385763285151e-05,0.999101413991595,0.000463020408163265,0.02088,1.31500408163265e-08,0.01984,4.30321874527589e-08,0.018312,2.82183771835027e-08,24180.04,1245.9,3449.43222222222,13010.1613313131,1.00089148628363,0.0232,8.64e-05,0.0001504,0.000308218181818182,0,14496.084832653,11413.951122449,2915.11748608161,1.15114343473519e-05,4.99754795639127e-05,0.000377658775510204,0.00028797387755102,6.54843428571429e-05
1385,50,10542.7346938776,25919.284,4188123.19900408,25923.478,8423908.46180907,25912.2696,58079857.2349033,0.999408173092757,2.20138823739628e-05,0.999960305758984,0.000232,0.0124,1.74262857142857e-08,0.0144,2.32925170068027e-08,0.015452,3.45113115644593e-08,25910.2,1211.824,2449.52377777778,13119.295159596,0.999290936557794,0.0108,8.32e-05,0.000146666666666667,0.000277185454545455,0,8969.46137142859,8525.67154693876,1858.02684473468,9.81560364146711e-06,4.18742742213717e-05,0.00020130612244898,0.000177795918367347,5.2920506122449e-05
1386,50,10606.2142857143,27426.688,3564341.75383265,27423.828,17067862.6927944,27427.4364,26604717.8831267,1.00081527248523,3.19957223788712e-05,1.00066789666633,0.000397714285714286,0.01664,1.9646693877551e-08,0.01564,2.78463774250441e-08,0.016652,3.30815674442216e-08,27437.3,1332.938,3663.92533333333,12202.8531030303,1.00065119799034,0.0168,8.32e-05,0.000117955555555556,0.000297912727272727,0,7074.6369959183,5571.49144489799,1515.44794187755,9.38357999406546e-06,4.16595702845235e-05,0.000266684081632653,0.000206153469387755,0.000102384995918367
1387,0,0,0,0,0,0,0,0,0,0,0,0,0,0,0,0,0,0,0,0,0,0,0,0,0,0,0,0,0,0,0,0,0,0,0,0
1388,0,0,0,0,0,0,0,0,0,0,0,0,0,0,0,0,0,0,0,0,0,0,0,0,0,0,0,0,0,0,0,0,0,0,0,0
1389,30.9,250672.37755102,7796.788,829824.162351021,7837.29,5236304.42627166,8473.4902,4012588951.19278,0.991658128130455,8.49294601802441e-05,0.847647571837351,0.0032785306122449,0.15748,8.05141387755102e-07,0.15618,7.79035425044092e-07,0.148558,9.0584842112425e-07,7764.9,940.264,3132.65177777778,174022.902971717,0.981817021559115,0.1648,0.0008488,0.00108348888888889,0.0023706696969697,3.76530612244898,247242.093730612,242303.664591837,203125.785675469,2.59919464129373e-05,0.00094565017809463,0.00268470367346939,0.00217394653061225,0.000436507791836735
1390,50,15248.6595918367,16892.388,572413.980587755,16885.54,5355999.09893676,16849.8654,98408672.2259014,1.00034627668461,4.99958687132615e-05,1.00309400893482,0.00165289795918367,0.0668,5.50112653061225e-08,0.06336,1.03147682539683e-07,0.075828,5.9377741188825e-07,16894.44,612.868,2201.28444444444,13079.2750242424,1.00128318974466,0.0704,0.0002736,0.000408177777777778,0.00123358626262626,0,14597.5255673469,12600.2697959184,6744.49653963265,1.23770580994992e-05,0.000130123539679227,0.00117763265306122,0.00111076571428571,0.000364881648979592
1391,50,16948.9485714286,19736.652,968530.349730612,19738.136,17617274.1509164,19763.0556,37405417.4738432,1.00031950442017,4.14835229059775e-05,0.999151901429466,0.00158432653061225,0.0636,3.77182040816327e-08,0.06388,3.51226727135299e-08,0.058576,3.33692483824016e-07,19740.52,680.992,2263.00177777778,14143.7805575758,0.99962163807395,0.0656,0.0001904,0.000291466666666667,0.00097369696969697,0,15691.6992816326,14328.8774530613,3031.3932210612,9.44056547624346e-06,8.86001032042009e-05,0.00161910204081633,0.00165737306122449,0.000393073697959184
1392,50,15997.9187755102,22127.812,1853994.37522041,22132.114,11046432.6527539,22129.8302,36695694.174464,0.999579702425847,4.35102968055549e-05,0.99901942700761,0.00111608163265306,0.05528,1.66896326530612e-08,0.05444,4.30873751574704e-08,0.05688,3.39363501221075e-07,22123.86,970.222,3094.40955555556,13192.8559050505,0.999352405563767,0.0568,0.0001504,0.000272266666666667,0.000886980202020202,0,14277.8602612245,12196.0698,2989.9653285306,1.18246106923472e-05,6.76369337932296e-05,0.00107081795918367,0.00103841469387755,0.000701709387755102
1393,50,13941.7779591837,24153.62,1725829.56237143,24147.53,5756445.40582318,24152.8034,17813125.2612585,1.00074032936121,2.62814278676752e-05,1.00074294108365,0.00129975510204082,0.04768,3.88728163265306e-08,0.04704,2.88556311413454e-08,0.046092,1.10092562966295e-07,24161.76,1283.074,2622.13711111111,12150.7541313131,1.00081781536896,0.0468,0.0001408,0.000243555555555556,0.000626678787878788,0,16256.6779591837,15989.4425510204,3663.50220248981,1.19749677808944e-05,4.46047874694978e-05,0.00117997714285714,0.000935549387755102,0.000582199526530612
1394,50,14343.3179591837,25915.524,2399158.84975102,25915.984,11727748.6440707,25893.352,32862118.9000107,0.999545437428851,3.08775137184111e-05,1.00042386919475,0.00146628571428571,0.04504,1.68417959183673e-08,0.04312,1.97193529856387e-08,0.049772,3.02783249430025e-07,25908.22,1347.162,3357.65644444444,13012.6702222222,0.999849999927959,0.0452,0.0001352,0.000189155555555556,0.000767582222222222,0,11912.8896163265,9582.42545306119,1928.05650612247,1.11567277574777e-05,3.35174619628774e-05,0.00148493714285714,0.00144900571428571,0.00102224654693878
1395,50,12277.2228571429,27437.716,663960.844591837,27434.086,6884685.65926072,27401.8836,21352646.274459,1.00013056345841,1.8459594493504e-05,1.00147196578794,0.00115085714285714,0.04032,2.43911836734694e-08,0.04132,2.92633429075334e-08,0.041752,9.99723656659775e-08,27439.96,752.63,2229.69133333333,12068.0348767677,1.00041243576638,0.0404,0.0001592,0.000231911111111111,0.000645900606060606,0,13356.4768816326,10753.0208204082,1994.43543167347,5.22181698923656e-06,3.21512974086605e-05,0.00106830367346939,0.000927283265306122,0.000286907036734694
1396,0,0,0,0,0,0,0,0,0,0,0,0,0,0,0,0,0,0,0,0,0,0,0,0,0,0,0,0,0,0,0,0,0,0,0,0
1397,0,0,0,0,0,0,0,0,0,0,0,0,0,0,0,0,0,0,0,0,0,0,0,0,0,0,0,0,0,0,0,0,0,0,0,0
1398,0,0,0,0,0,0,0,0,0,0,0,0,0,0,0,0,0,0,0,0,0,0,0,0,0,0,0,0,0,0,0,0,0,0,0,0
1399,33.3,499801.887755102,10502.444,601318.233159184,10543.708,5359862.13712955,11230.2374,10223509734.5729,0.993076793537229,3.89219654327695e-05,0.876879202383978,0.00182371428571429,0.16464,7.54473306122449e-07,0.1685,8.73247226505417e-07,0.1568,7.32560633179872e-07,10466.5,1083.552,3231.65377777778,206836.42040202,0.985770684899851,0.1626,0.0008496,0.00116162222222222,0.00212755353535354,4.66326530612245,497761.931902041,491573.590138776,443353.255554326,1.16791464566364e-05,0.000856010900590676,0.00120692897959184,0.00121927551020408,0.000380818367346939
1400,50,13601.3453061224,19578.984,2299355.34757551,19574.668,9052374.20097677,19557.362,71525889.5543829,0.999909521972478,4.23287697707945e-05,1.00027648856658,0.00191036734693878,0.10096,3.76979591836735e-08,0.09952,1.73519044595616e-07,0.106808,5.53959251904741e-07,19575.96,1049.676,2279.35466666667,13016.7924848485,1.00045598523568,0.1028,0.000188,0.000395911111111111,0.00129967676767677,0,12006.6234122449,10107.1618122449,4523.73795510203,1.59550472779729e-05,6.263876900498e-05,0.00159905959183674,0.00148760163265306,0.000592092995918367
