run,villages-point-mean,population-point-var,population-stability-mean-5-mean,population-stability-var-5-var,population-stability-mean-10-mean,population-stability-var-10-var,population-stability-mean-100-mean,population-stability-var-100-var,population-trend-5-mean,population-trend-10-var,population-trend-100-mean,matrilocal-point-var,matrilocal-stability-mean-5-mean,matrilocal-stability-var-5-var,matrilocal-stability-mean-10-mean,matrilocal-stability-var-10-var,matrilocal-stability-mean-100-mean,matrilocal-stability-var-100-var,population-point-mean,population-stability-var-5-mean,population-stability-var-10-mean,population-stability-var-100-mean,population-trend-10-mean,matrilocal-point-mean,matrilocal-stability-var-5-mean,matrilocal-stability-var-10-mean,matrilocal-stability-var-100-mean,villages-point-var,population-stability-mean-5-var,population-stability-mean-10-var,population-stability-mean-100-var,population-trend-5-var,population-trend-100-var,matrilocal-stability-mean-5-var,matrilocal-stability-mean-10-var,matrilocal-stability-mean-100-var
4141,0,0,0,0,0,0,0,0,0,0,0,0,0,0,0,0,0,0,0,0,0,0,0,0,0,0,0,0,0,0,0,0,0,0,0,0
4142,49.56,14692.7595918367,4295.464,18136.7068734694,4297.792,127417.345198085,4281.6624,12955922.271683,0.99946003762114,0.0001072271243676,1.00432733028676,0,0,0,0,0,0,0,4294.34,99.008,292.202666666667,4797.41927272727,0.998136506110077,0,0,0,0,0.659591836734694,14930.4350040816,15243.6268734694,12646.327088,3.13625969838271e-05,0.000896575835381108,0,0,0
4143,50,7292.03306122449,6654.868,126218.034840816,6655.642,709471.660966541,6658.6574,13032853.3306615,1.00023372822256,0.000120286986314826,1.00254727364431,0,0,0,0,0,0,0,6655.74,278.584,723.808222222222,5224.74027272727,0.999747711349556,0,0,0,0,0,6712.56262857142,6659.85962857143,3248.05668902042,3.80618098907954e-05,0.000393909009433806,0,0,0
4144,50,11144.9718367347,8394.836,145370.060995918,8399.654,734768.357320282,8400.3046,9832070.11910883,0.999251567396687,6.93782668274706e-05,0.999540532608527,0,0,0,0,0,0,0,8391.74,284.732,740.516222222222,5909.29247070707,0.997999378733611,0,0,0,0,0,11307.6729632653,10724.5568204082,2053.69864575511,2.27733961892477e-05,0.000196589307466427,0,0,0
4145,50,7742.84734693878,9830.748,323190.453228571,9830.33,1106855.78225493,9836.7236,15160071.5773728,1.00019244654156,7.26178217110538e-05,1.00293321493246,0,0,0,0,0,0,0,9831.36,442.306,986.600222222222,6473.6616969697,1.00009800904034,0,0,0,0,0,7621.10173061226,7541.09479591837,1846.82583983673,2.74788555361968e-05,0.000138421354994152,0,0,0
4146,50,6616.66163265306,11011.476,725624.600636735,11009.978,2521611.98220655,11015.9846,9202430.99326229,1.0002080114142,7.71000052572496e-05,0.998893186909769,0,0,0,0,0,0,0,11012.46,585.776,1282.882,6332.82405050505,1.00028047359961,0,0,0,0,0,5526.99247346939,5166.39154693877,2282.47689065307,2.89218213017029e-05,0.000127497311657484,0,0,0
4147,50,6571.64448979592,12025.872,76751.925077551,12021.882,3010961.90624485,12022.457,5136860.57313452,1.00027041310295,5.38143740136961e-05,1.00045491976701,0,0,0,0,0,0,0,12027.78,278.468,1171.18022222222,5508.83292727273,1.00130246196464,0,0,0,0,0,5463.18491428572,4174.97334285715,1391.03913571428,1.04955151589016e-05,7.04754660937181e-05,0,0,0
4148,50,7270.54081632653,12880.744,368358.543269388,12887.984,1634659.17234245,12898.4336,12632988.0894244,0.999795745100538,4.8313504538093e-05,0.99959767709469,0,0,0,0,0,0,0,12880.9,472.386,1301.05733333333,6413.55136969697,0.998384253667747,0,0,0,0,0,7323.03843265306,6391.81239183675,1029.95115820407,1.5739092945477e-05,0.000110512885181473,0,0,0
4149,50,5836.5,13678.856,147921.340718367,13682.554,1065476.17890355,13660.5528,5315204.70403415,0.999687655314042,3.43866723780812e-05,1.00169316427277,0,0,0,0,0,0,0,13677.5,342.464,1011.37844444444,5174.21713535354,0.999201327305764,0,0,0,0,0,5498.71843265306,4505.79437142856,425.690865469387,1.04982079990206e-05,5.29650686560825e-05,0,0,0
4150,0,0,0,0,0,0,0,0,0,0,0,0,0,0,0,0,0,0,0,0,0,0,0,0,0,0,0,0,0,0,0,0,0,0,0,0
4151,0,0,0,0,0,0,0,0,0,0,0,0,0,0,0,0,0,0,0,0,0,0,0,0,0,0,0,0,0,0,0,0,0,0,0,0
4152,0,0,0,0,0,0,0,0,0,0,0,0,0,0,0,0,0,0,0,0,0,0,0,0,0,0,0,0,0,0,0,0,0,0,0,0
4153,0,0,0,0,0,0,0,0,0,0,0,0,0,0,0,0,0,0,0,0,0,0,0,0,0,0,0,0,0,0,0,0,0,0,0,0
4154,0,0,0,0,0,0,0,0,0,0,0,0,0,0,0,0,0,0,0,0,0,0,0,0,0,0,0,0,0,0,0,0,0,0,0,0
4155,0,0,0,0,0,0,0,0,0,0,0,0,0,0,0,0,0,0,0,0,0,0,0,0,0,0,0,0,0,0,0,0,0,0,0,0
4156,1.44,366379.693469388,252.708,69687.400555102,257.298,738435.427288536,469.5358,9108662952.12178,0.181946653579222,0.133361298632235,0.105807962694908,0.163265306122449,0.2,0,0.206,0.00108888888888889,0.489648,0.00987557951492541,249.02,79.184,239.689555555556,82074.1341757576,0.174010093385146,0.2,0,0.00466666666666667,0.142556185858586,10.8636734693878,370716.811771429,376468.143465306,472324.475392204,0.141158397900317,0.0582140594432279,0.163265306122449,0.162616326530612,0.105021196016327
4157,36.48,686850.368979592,8618.676,312735.576836735,8641.72,3802447.85089121,9079.4828,5860330004.25382,0.995497347512199,8.66073853478334e-05,0.898143173851573,0.00354697959183673,0.13412,9.51530612244898e-07,0.13278,1.23778500831444e-06,0.117074,3.90695703426389e-07,8599.28,492.49,1617.76488888889,95964.8523717172,0.990181129675964,0.1314,0.001058,0.00159997777777778,0.00195056505050505,10.0097959183673,679485.921453061,672670.319591837,541565.372914449,2.25510422171212e-05,0.00180261347907923,0.00206308734693878,0.00125397102040816,0.000220448085714286
4158,49.96,5463.9412244898,13270.036,287281.350710204,13269.948,1972936.9656002,13272.475,3168715.50406895,1.00017261028031,4.49938519900925e-05,1.0005159145484,0.00113061224489796,0.06824,2.09560163265306e-07,0.06512,2.13681439153439e-07,0.06464,2.12886162753738e-07,13270.76,439.152,1214.79066666667,4168.00143232323,1.00034464568587,0.066,0.0004648,0.000576177777777778,0.00119645898989899,0.0391836734693878,5438.03377959185,5774.98132244899,4036.35832346939,1.43144046681389e-05,4.79784799996858e-05,0.000862308571428572,0.000729005714285714,0.00014389387755102
4159,0,0,0,0,0,0,0,0,0,0,0,0,0,0,0,0,0,0,0,0,0,0,0,0,0,0,0,0,0,0,0,0,0,0,0,0
4160,0,0,0,0,0,0,0,0,0,0,0,0,0,0,0,0,0,0,0,0,0,0,0,0,0,0,0,0,0,0,0,0,0,0,0,0
