run,villages-point-mean,population-point-var,population-stability-mean-5-mean,population-stability-var-5-var,population-stability-mean-10-mean,population-stability-var-10-var,population-stability-mean-100-mean,population-stability-var-100-var,population-trend-5-mean,population-trend-10-var,population-trend-100-mean,matrilocal-point-var,matrilocal-stability-mean-5-mean,matrilocal-stability-var-5-var,matrilocal-stability-mean-10-mean,matrilocal-stability-var-10-var,matrilocal-stability-mean-100-mean,matrilocal-stability-var-100-var,population-point-mean,population-stability-var-5-mean,population-stability-var-10-mean,population-stability-var-100-mean,population-trend-10-mean,matrilocal-point-mean,matrilocal-stability-var-5-mean,matrilocal-stability-var-10-mean,matrilocal-stability-var-100-mean,villages-point-var,population-stability-mean-5-var,population-stability-mean-10-var,population-stability-mean-100-var,population-trend-5-var,population-trend-100-var,matrilocal-stability-mean-5-var,matrilocal-stability-mean-10-var,matrilocal-stability-mean-100-var
3961,49.76,19742.6224489796,3975.86,99551.1791387755,3991.534,1170331.42704606,4390.519,1188719135.09508,0.993580404452457,0.000196484649265587,0.792585569420284,0,0,0,0,0,0,0,3962.7,230.138,820.702444444444,97901.3891818182,0.985349608894822,0,0,0,0,0.308571428571429,19563.9693877551,19345.6251469388,15937.3607642857,4.62857055979448e-05,0.000839306606241343,0,0,0
3962,50,29649.8791836735,9532.24,248250.699591837,9533.52,2832480.77898231,9551.6938,81705763.4073607,1.00001645447632,9.98107605333699e-05,0.997249586605273,0,0,0,0,0,0,0,9532.72,368.6,1176.45244444444,11132.8019333333,0.999816568225576,0,0,0,0,0,28331.1167346939,26037.7942857143,8789.76706893876,2.42462207048377e-05,0.000461201373257014,0,0,0
3963,50,27902.8146938776,13782.72,1168253.81061224,13783.904,3500139.1222966,13762.9688,123840659.559933,0.999567571189576,5.63848751709819e-05,1.00201049857438,0,0,0,0,0,0,0,13780.04,721.92,1589.14844444444,16506.6640121212,1.00003927176263,0,0,0,0,0,28697.9771428572,27918.8910040816,8217.21638220408,2.32551645765843e-05,0.00025247975704488,0,0,0
3964,50,20139.68,17144.82,1495300.43745306,17140.538,8127386.24124409,17100.3816,39758841.3367768,1.00044493572958,5.64762175020693e-05,1.00355703571978,0,0,0,0,0,0,0,17147.44,884.064,2314.61533333333,13769.3809131313,1.00105271223743,0,0,0,0,0,16816.7351020408,13777.166077551,4821.57599738774,1.80461200509185e-05,0.00010308061581294,0,0,0
3965,50,12799.4840816327,19860.128,871097.671546939,19861.708,8497879.11655409,19876.457,47838446.6659054,1.00035052142875,4.0203995147884e-05,1.00036283082568,0,0,0,0,0,0,0,19865.16,825.122,2631.46044444444,14166.5360424242,0.999950228418299,0,0,0,0,0,12616.2592000001,11781.0207510204,4529.98476428573,1.20242969184856e-05,6.86367558683831e-05,0,0,0
3966,50,21971.7812244898,22228.656,1414848.95234694,22224.006,17751802.4630964,22212.7598,66232467.346144,1.00018680327572,4.42544548367846e-05,1.00115404767239,0,0,0,0,0,0,0,22231.12,1042.35,3188.52244444444,16018.7081636364,1.00074513929632,0,0,0,0,0,18837.6016979592,14277.9793510204,3582.12634893877,1.18228936183486e-05,0.000106161689229346,0,0,0
3967,50,20097.7485714286,24239.824,2612563.37530204,24242.028,13793962.2408373,24204.804,60222864.3648813,0.999638555621016,3.84166546800246e-05,1.0011130264087,0,0,0,0,0,0,0,24234.08,1242.298,3413.584,14907.3177050505,0.999659363029226,0,0,0,0,0,21160.5741061225,18468.7689959184,2721.8353632653,1.23614780030545e-05,6.06937852701009e-05,0,0,0
3968,50,15352.6840816327,25955.372,913987.977485714,25947.956,7791237.38879194,25936.2074,35471209.4345903,1.0006539681535,2.10167070990459e-05,1.00020164610037,0,0,0,0,0,0,0,25963.36,987.492,2508.34844444444,12160.0891656566,1.00089159495661,0,0,0,0,0,15253.1755265306,14042.8616979592,2213.66664412244,8.25267004148848e-06,2.93021931731578e-05,0,0,0
3969,50,17020.7759183673,27446.276,1550473.92793469,27442.448,5293890.81819582,27433.6528,13879035.7161456,1.00026324875953,2.46572024802753e-05,0.999782423811032,0,0,0,0,0,0,0,27449.14,1053.432,2842.68933333333,11628.7584080808,1.00039367899523,0,0,0,0,0,17379.434922449,14560.7947918368,2750.64757975512,8.15455531890929e-06,4.83052882420686e-05,0,0,0
3970,29.82,21701.5004081633,2511.404,415407.82842449,2572.266,4177057.30825039,3695.822,4856811504.68069,0.962617618529354,0.000198803182716835,0.493281886942222,0.00378367346938776,0.13136,2.4267867755102e-06,0.1308,1.44236304560343e-06,0.099236,2.64409092499266e-07,2463.64,1504.788,5649.05311111111,552116.891535354,0.9181612331806,0.138,0.0011564,0.00173542222222222,0.00215248404040404,1.98734693877551,21534.9820244898,21128.2647387755,14923.3605061224,6.89259336308453e-05,0.000604344142664547,0.00212186775510204,0.00134191836734694,5.34052081632653e-05
3971,48.32,32544.3302040816,8724.428,506294.729240816,8758.712,5786395.83546203,9226.9456,1516115617.52179,0.994339598490874,8.80689685781647e-05,0.904131743496459,0.000779632653061225,0.052,1.93886693877551e-07,0.05258,1.86951927941547e-07,0.032258,3.11228644082965e-08,8698.58,746.212,2763.03688888889,75728.2178060606,0.986152002624456,0.0486,0.0005052,0.000616511111111111,0.000672693535353535,0.630204081632653,32669.8481795918,32291.0243428571,10760.5924618775,2.70218237788853e-05,0.000432596498890747,0.000499428571428572,0.000270085306122449,2.64845265306123e-05
3972,50,16176.5342857143,13550.912,350856.574546939,13554.638,3202923.79658478,13633.0762,96544974.2944507,0.999763722822797,5.48919505200946e-05,0.986949417819609,0.000294530612244898,0.01544,7.70768979591837e-08,0.0138,5.09491035525321e-08,0.014212,1.19576170694785e-08,13550.58,474.488,1357.02777777778,15000.9404828283,0.999696748625996,0.0144,0.0002208,0.000250044444444444,0.000288246464646465,0,16610.6304653061,16962.8305673469,10368.1001179184,1.451854987367e-05,0.000183654258746471,0.000159353469387755,7.15510204081633e-05,1.54439346938776e-05
3973,50,15091.0514285714,17005.388,819912.130922449,16999.382,3172233.1941612,17042.8526,92193304.133127,1.00068044700941,3.87057384221121e-05,0.994231281673508,0.000271183673469388,0.01328,1.75020408163265e-08,0.01376,1.8630788611741e-08,0.012052,6.80291506047904e-09,17010.36,693.264,1633.94688888889,16801.3284787879,1.00128556619713,0.0132,0.000128,0.000180444444444444,0.000237599191919192,0,18025.0145469388,20243.5876285715,5558.41110126527,1.37537383539549e-05,0.000150534161311377,0.000175960816326531,0.000106390204081633,1.2985812244898e-05
3974,50,21829.7718367347,19826.78,1619415.14081633,19819.574,10850314.4210113,19835.9144,107569922.513379,1.00115606669186,4.84576758271755e-05,1.0001709332712,0.000197387755102041,0.00856,2.45348571428571e-08,0.00776,1.23522418745276e-08,0.00832,2.9963040512734e-09,19839.94,1176.54,2857.76466666667,17946.7733414141,1.00137894832684,0.0084,0.0001128,0.000116088888888889,0.000169388282828283,0,22980.126122449,23372.0411469388,4242.05333126529,1.64686599309179e-05,0.000130905686561939,8.9475918367347e-05,5.72473469387755e-05,5.75836734693878e-06
3975,50,22938.5065306122,22165.132,1306816.93861633,22154.992,11775971.7847921,22169.7906,27949863.1426707,1.00080823392735,4.85379437730411e-05,1.00002446391035,0.000145142857142857,0.00736,5.31657142857143e-09,0.00744,4.24680070546737e-09,0.007612,4.47219870625446e-09,22172.94,1289.166,3490.27333333333,14721.189969697,1.00154419125099,0.0076,8.24e-05,9.26222222222222e-05,0.000139540202020202,0,21337.6058938775,19276.4836081633,4198.32518534697,1.49855326745792e-05,7.90483461827857e-05,4.72555102040816e-05,3.80473469387755e-05,6.68638367346939e-06
3976,50,16099.6363265306,24153.68,953326.237485714,24160.658,8063365.62836105,24179.125,44722172.6463645,0.99947268911937,3.12462160492381e-05,0.998494806171417,9.07755102040816e-05,0.006,6.71934693877551e-09,0.00708,8.97523003275384e-09,0.007684,2.99909377277204e-09,24147.42,873.208,2890.06333333333,13059.362620202,0.998976493367897,0.0048,6.48e-05,0.000100355555555556,0.000146433131313131,0,14643.1869387756,12113.2326897959,2101.90977653059,8.11470769559176e-06,4.39461773967903e-05,6.22040816326531e-05,4.19934693877551e-05,6.5993306122449e-06
3977,50,16641.0759183673,25896.364,1972327.48857143,25892.594,19323677.2791093,25902.6824,34677877.7934622,1.00031198206748,4.0730119726184e-05,1.0003018150008,0.000163265306122449,0.008,1.53789387755102e-08,0.00748,1.88130733182162e-08,0.006764,3.75164618620757e-09,25900.84,1338.28,4024.92777777778,11200.086610101,1.00051488242597,0.008,7.92e-05,0.000109244444444444,0.00013328404040404,0,13729.770922449,10302.4960857143,2441.30059820408,1.17358811856243e-05,5.00527122860285e-05,0.000118204081632653,7.19689795918367e-05,7.48684081632653e-06
3978,50,16105.1873469388,27423.964,2052330.86091837,27424.94,14448754.5827261,27415.5626,29997673.1774385,0.99991815901556,3.2306696445279e-05,1.0014768454817,8.16326530612245e-05,0.00552,8.82677551020408e-09,0.00624,8.64943310657596e-09,0.006084,2.78243715006174e-09,27423.42,1184.67,3524.25111111111,12369.516010101,1.00018486204126,0.004,5.76e-05,7.91111111111111e-05,0.000118366868686869,0,14330.4762285715,10760.2799999999,2018.84452167346,8.73987536762032e-06,3.64288752878426e-05,6.39281632653061e-05,7.21044897959184e-05,4.69565714285714e-06
3979,1,1499.18367346939,51.996,413822.089897959,101.228,19182778.5586407,2343.6584,19116242444.6867,0.263282495087573,0.0138248603281702,0.00621711726651115,0.251428571428571,0.686,0.0144716836734694,0.7559,0.0105029664199249,0.350618,0.000243264231995397,31.2,557.15,4920.41644444444,2308415.53051717,0.117333551308263,0.56,0.0805,0.0948366,0.0806193351515151,1.26530612244898,2561.29386122449,4981.67062857143,20237.4282626939,0.0584825436713027,5.88433737567916e-05,0.148983673469388,0.075237193877551,0.000893975791836735
3980,35.92,30711.5220408163,6609.356,2427484.38134286,6704.578,23064635.3945462,8220.9322,14573966084.614,0.97782589098051,6.94255005352544e-05,0.680563603367623,0.0019030612244898,0.13312,1.36483057142857e-06,0.1336,7.21205542957924e-07,0.096084,1.8528048641334e-07,6535.22,3625.378,13812.3424444444,864735.084676768,0.950289056887713,0.133,0.0009598,0.001222,0.00210355191919192,1.9934693877551,30347.5825142857,29190.3793020408,14873.6140542449,2.187571672899e-05,0.000365865222432931,0.00109227102040816,0.000639224489795918,6.10087183673469e-05
