run,villages-point-mean,population-point-var,population-stability-mean-5-mean,population-stability-var-5-var,population-stability-mean-10-mean,population-stability-var-10-var,population-stability-mean-100-mean,population-stability-var-100-var,population-trend-5-mean,population-trend-10-var,population-trend-100-mean,matrilocal-point-var,matrilocal-stability-mean-5-mean,matrilocal-stability-var-5-var,matrilocal-stability-mean-10-mean,matrilocal-stability-var-10-var,matrilocal-stability-mean-100-mean,matrilocal-stability-var-100-var,population-point-mean,population-stability-var-5-mean,population-stability-var-10-mean,population-stability-var-100-mean,population-trend-10-mean,matrilocal-point-mean,matrilocal-stability-var-5-mean,matrilocal-stability-var-10-mean,matrilocal-stability-var-100-mean,villages-point-var,population-stability-mean-5-var,population-stability-mean-10-var,population-stability-mean-100-var,population-trend-5-var,population-trend-100-var,matrilocal-stability-mean-5-var,matrilocal-stability-mean-10-var,matrilocal-stability-mean-100-var
4001,45.86,9579.38775510204,1504.976,3027.58468979592,1507.652,11499.3918194004,1520.414,593614.351688982,0.995092345554129,0.000311859297015969,0.978532413493839,0,0,0,0,0,0,0,1501.2,54.802,114.041777777778,1083.17632323232,0.99249691370533,0,0,0,0,4.24530612244898,9582.12839183673,9294.19315918367,6241.3678,0.00010242739100851,0.00174912468570968,0,0,0
4002,47.78,5548.69551020408,1866.788,4413.04060816327,1865.344,18055.0073497606,1870.0664,420805.52906044,1.00130588954043,0.000226339021800047,0.998988846124477,0,0,0,0,0,0,0,1867.72,61.398,131.058222222222,898.821551515152,1.00260838214692,0,0,0,0,2.62408163265306,5507.11087346939,5652.08700408163,5188.68923983674,8.87324963074412e-05,0.000659263117983321,0,0,0
4003,48.36,6030.72816326531,2128.984,3050.29608571429,2128.226,28674.87554452,2132.8514,191420.102246397,1.00090425949079,0.00018852074685809,0.998085548373856,0,0,0,0,0,0,0,2129.92,50.694,129.902888888889,762.40996969697,1.00164649192284,0,0,0,0,1.90857142857143,5931.46586122449,5680.7125755102,4817.88392657143,5.56885514881744e-05,0.000445039701750101,0,0,0
4004,48.66,4290.46081632653,2338.756,6234.33916734694,2339.146,25202.2195560091,2343.0694,104947.66756683,1.00000969719384,0.000208852085218697,0.997099509283608,0,0,0,0,0,0,0,2338.78,67.196,176.570888888889,811.620814141414,0.999866246123704,0,0,0,0,1.24938775510204,4376.02822857142,4403.05192244898,3724.69507922449,6.45754434776059e-05,0.000379686704971048,0,0,0
4005,48.68,3868.79346938776,2511.444,6196.43383265306,2509.026,38513.3265016377,2516.1524,92045.9280956225,1.00177753950838,0.000184589932553219,0.997803689810236,0,0,0,0,0,0,0,2513.68,73.962,188.014444444444,696.238658585859,1.00312517137015,0,0,0,0,1.24244897959184,3589.2380244898,3496.23706530612,3993.14826759184,6.14070922107425e-05,0.000339564121320108,0,0,0
4006,0,0,0,0,0,0,2e-04,2e-06,0,0,0,0,0,0,0,0,2e-04,2e-06,0,0,0,2e-04,0,0,0,0,2e-04,0,0,0,2e-06,0,0,0,0,2e-06
4007,0,0,0,0,0,0,1.0262,3462.29515172838,0,0,0,0,0,0,0,0,0.03184,0.000173278618209354,0,0,0,46.3149636363636,0,0,0,0,0.0270571757575758,0,0,0,0.878877102040816,0,0,0,0,0.000252092244897959
4008,0,0,0,0,0,0,30.0418,18927496.0636754,0,0,0,0,0,0,0,0,0.094436,0.000208614169810833,0,0,0,8844.59326262626,0,0,0,0,0.0579435135353535,0,0,0,93.7799211836735,0,0,0,0,0.000331350514285714
4009,0,0,0,0,0,0,111.81,193726772.494869,0,0,0,0,0,0,0,0,0.131724,0.000119915963497003,0,0,0,65989.8606141414,0,0,0,0,0.0710074488888889,0,0,0,251.206420408163,0,0,0,0,0.000267279004081633
4010,0,0,0,0,0,0,218.9918,765491553.240648,0,0,0,0,0,0,0,0,0.152314,9.31988297851452e-05,0,0,0,179589.451109091,0,0,0,0,0.0761424284848485,0,0,0,642.407280367347,0,0,0,0,0.000189491024489796
4011,0,0,0,0,0,0,314.912,857874521.662477,0,0,0,0,0,0,0,0,0.170656,9.47943607287526e-05,0,0,0,297636.018351515,0,0,0,0,0.0805698905050505,0,0,0,648.024987755102,0,0,0,0,0.000318304146938775
4012,0,0,0,0,0,0,413.9774,1259094409.93029,0,0,0,0,0,0,0,0,0.181994,7.11479880991581e-05,0,0,0,428781.465472727,0,0,0,0,0.0819590280808081,0,0,0,760.231093102041,0,0,0,0,0.000186740983673469
4013,0,0,0,0,0,0,508.3666,2139025214.61738,0,0,0,0,0,0,0,0,0.200474,9.78712607459359e-05,0,0,0,552089.002523232,0,0,0,0,0.085317575959596,0,0,0,1405.47521065306,0,0,0,0,0.000383913391836735
4014,0,0,0,0,0,0,597.205,1798075244.69188,0,0,0,0,0,0,0,0,0.20932,9.42324831386562e-05,0,0,0,676123.219739394,0,0,0,0,0.0869191260606061,0,0,0,1060.08431938776,0,0,0,0,0.000249186530612245
4015,0,0,0,0,0,0,0,0,0,0,0,0,0,0,0,0,0,0,0,0,0,0,0,0,0,0,0,0,0,0,0,0,0,0,0,0
4016,0,0,0,0,0,0,1.0074,7303.13161931057,0,0,0,0,0,0,0,0,0.03101,0.000180871460636961,0,0,0,50.530296969697,0,0,0,0,0.0257424458585859,0,0,0,1.2023992244898,0,0,0,0,0.000274590306122449
4017,0,0,0,0,0,0,23.3442,10374514.7467924,0,0,0,0,0,0,0,0,0.083716,0.000131604051694952,0,0,0,6477.52480606061,0,0,0,0,0.0523539975757576,0,0,0,61.4679268979592,0,0,0,0,0.000264463004081633
4018,0,0,0,0,0,0,91.1582,117582388.236426,0,0,0,0,0,0,0,0,0.120088,0.00013011084286029,0,0,0,54846.8628585859,0,0,0,0,0.0694510165656566,0,0,0,154.991574244898,0,0,0,0,0.000257924342857143
4019,0,0,0,0,0,0,167.362,385979453.182684,0,0,0,0,0,0,0,0,0.134772,5.14045433675075e-05,0,0,0,140278.126290909,0,0,0,0,0.0734889826262626,0,0,0,253.275436734694,0,0,0,0,0.000114627771428571
4020,0,0,0,0,0,0,229.377,517915946.23232,0,0,0,0,0,0,0,0,0.141466,6.54713524577921e-05,0,0,0,228970.126967677,0,0,0,0,0.0744559654545455,0,0,0,263.09385,0,0,0,0,0.000150882697959184
