run,villages-point-mean,population-point-var,population-stability-mean-5-mean,population-stability-var-5-var,population-stability-mean-10-mean,population-stability-var-10-var,population-stability-mean-100-mean,population-stability-var-100-var,population-trend-5-mean,population-trend-10-var,population-trend-100-mean,matrilocal-point-var,matrilocal-stability-mean-5-mean,matrilocal-stability-var-5-var,matrilocal-stability-mean-10-mean,matrilocal-stability-var-10-var,matrilocal-stability-mean-100-mean,matrilocal-stability-var-100-var,population-point-mean,population-stability-var-5-mean,population-stability-var-10-mean,population-stability-var-100-mean,population-trend-10-mean,matrilocal-point-mean,matrilocal-stability-var-5-mean,matrilocal-stability-var-10-mean,matrilocal-stability-var-100-mean,villages-point-var,population-stability-mean-5-var,population-stability-mean-10-var,population-stability-mean-100-var,population-trend-5-var,population-trend-100-var,matrilocal-stability-mean-5-var,matrilocal-stability-mean-10-var,matrilocal-stability-mean-100-var
1581,0,0,0,0,0,0,3447.7214,47115128758.4426,0,0,0,0,0,0,0,0,0.252104,3.57194759153496e-05,0,0,0,13813884.9093313,0,0,0,0,0.083934738989899,0,0,0,7204.5995347347,0,0,0,0,0.000254185289795918
1582,0,0,0,0,0,0,4135.3058,42968925568.4089,0,0,0,0,0,0,0,0,0.27047,2.2333357090443e-05,0,0,0,16572054.7981758,0,0,0,0,0.0832610244444444,0,0,0,9742.45805342857,0,0,0,0,0.000144066224489796
1583,0,0,0,0,0,0,4825.8786,112985561566.221,0,0,0,0,0,0,0,0,0.289332,3.85137570167475e-05,0,0,0,18939770.4986121,0,0,0,0,0.0823414363636364,0,0,0,14051.8835061633,0,0,0,0,0.000258134465306123
1584,0,0,0,0,0,0,5517.956,156253897667.254,0,0,0,0,0,0,0,0,0.308354,3.47057266653851e-05,0,0,0,20685326.2816404,0,0,0,0,0.0801647262626263,0,0,0,20502.0808571429,0,0,0,0,0.000296807840816327
1585,49.8,23759.0812244898,4012.132,65607.2038408163,4032.206,753010.624427362,4435.0444,736766638.066831,0.993361462542903,0.000172430616671965,0.796283320103989,0,0,0,0,0,0,0,3999.02,260.806,995.607333333333,91255.0548767677,0.982638267247887,0,0,0,0,0.163265306122449,23143.7609959184,23142.9764938776,16420.2903067755,5.31458456760733e-05,0.000794335883564436,0,0,0
1586,50,24669.6506122449,9555.08,366065.173812245,9553.092,2102060.67050562,9549.2216,84923494.3703933,1.00104952243719,0.000107953454572132,0.997576365640909,0,0,0,0,0,0,0,9560.32,528.908,1433.93422222222,13101.5747191919,1.00098622306753,0,0,0,0,0,25444.1828571428,25698.929322449,12393.2452259592,3.29900325574913e-05,0.000480726230087943,0,0,0
1587,50,19232.6453061225,13778.96,873300.25002449,13776.438,8944961.65760892,13770.2612,111505815.127234,1.00031338319503,7.55579955643625e-05,1.00260450033662,0,0,0,0,0,0,0,13779.74,687.424,1882.11133333333,15452.3586707071,1.00072976442007,0,0,0,0,0,19617.5542857143,20919.5366897959,6431.03866383676,2.16332026753138e-05,0.000268541508379583,0,0,0
1588,50,22162.7791836735,17141.128,2912911.07530204,17133.302,12469074.7751136,17124.778,76693323.4898559,1.0001618001825,6.75008327531824e-05,1.00176006922403,0,0,0,0,0,0,0,17141.42,1113.198,2873.50866666667,14567.8678949495,1.00129882642097,0,0,0,0,0,20469.2991999999,18720.0744857143,5692.58724489796,2.2878797582235e-05,0.000166149075536058,0,0,0
1589,50,21828.1893877551,19859.472,1844448.33557551,19880.744,23912014.2956203,19888.136,43142398.9449761,0.998572087646903,6.28587379029608e-05,0.999869466447931,0,0,0,0,0,0,0,19846.12,1077.956,4247.22133333333,14216.7070060606,0.996466443727293,0,0,0,0,0,20272.8045061224,17220.7135346939,4653.37711020414,1.41982293539345e-05,0.000104624122251404,0,0,0
1590,50,21069.5330612245,22212.32,2062693.57353469,22216.538,19884643.5861219,22214.0452,43736556.6608703,0.9999078960237,7.33789907421929e-05,0.999207495350803,0,0,0,0,0,0,0,22212.24,1392.244,4982.11533333333,14744.7002909091,0.999302953416635,0,0,0,0,0,16923.3942857142,11629.3232204081,2783.19251934692,1.69036285040451e-05,8.71887739346091e-05,0,0,0
1591,50,14697.306122449,24207.756,840490.497812245,24201.206,10137629.1705553,24201.9762,38143379.9945578,1.00048183802304,2.78252791316188e-05,1.00131629263419,0,0,0,0,0,0,0,24213.6,781.688,2567.55355555556,13809.8951050505,1.00106453412879,0,0,0,0,0,12530.042922449,9544.05853469391,3375.57457097958,7.06922947659714e-06,6.81870487426605e-05,0,0,0
1592,50,16307.2363265306,25935.012,4467275.30890204,25941.582,20764228.8152674,25927.8316,31533290.5825055,0.999140830584056,3.84129787061191e-05,1.0005286404749,0,0,0,0,0,0,0,25924.22,1214.874,3640.15266666667,12419.7451878788,0.999135278049586,0,0,0,0,0,12445.657812245,9074.50395510206,2065.36969942857,1.02314754333692e-05,5.03045318716895e-05,0,0,0
1593,50,10933.467755102,27407.572,2818607.23102041,27412.976,16957056.9934694,27441.6666,36159868.1977081,0.999350078382531,2.399723079376e-05,0.998576739785069,0,0,0,0,0,0,0,27399.04,1391.78,2830.00222222222,12115.5435818182,0.999436567590616,0,0,0,0,0,9663.20491428574,8700.15655510205,1233.79683514286,1.03225642168709e-05,3.47228767647722e-05,0,0,0
1594,0,0,0,0,0,0,1606.5348,24689038560.094,0,0,0,0,0,0,0,0,0.278106,0.000136185354686072,0,0,0,2772047.78290101,0,0,0,0,0.0896212911111111,0,0,0,7604.42134383674,0,0,0,0,0.000633586289795918
1595,26.96,25311.2506122449,4752.004,5880437.73030204,4901.61,36050779.1728408,7238.0374,24140691030.142,0.949983996656756,0.000111972212203526,0.484885821296396,0.00242648979591837,0.27068,1.00744689795918e-06,0.26688,9.83128558327035e-07,0.176904,8.32925423842382e-07,4631.12,9462.752,33280.2766666667,2117319.1411899,0.895754794968673,0.2698,0.0011798,0.00163391111111111,0.00393674060606061,1.87591836734694,24238.5738612245,22417.3601020408,13133.2316563674,4.06445751635503e-05,0.00022995419321928,0.00132581387755102,0.000824230204081633,7.76750857142857e-05
1596,40.18,13707.5840816327,10627.6,2912583.80256735,10706.45,28176102.3180026,12295.88,11808283639.4704,0.988128949068731,4.23365605428701e-05,0.772668758521851,0.00259591836734694,0.13944,1.51790367346939e-07,0.13316,1.10965120886873e-06,0.119654,3.03191008329471e-07,10564.26,2812.278,9855.15933333333,933479.277466667,0.973987182675948,0.14,0.0004088,0.0011128,0.00182706404040404,0.273061224489796,13893.9444897959,14260.4939795918,10677.7527632653,1.23822533008852e-05,8.97964607699129e-05,0.00209127183673469,0.00143356571428571,9.90478408163265e-05
1597,49.9,29697.7914285714,16242.656,1099115.58581633,16260.038,7518598.298523,16584.652,1232966351.0296,0.998075272892947,5.09751361442491e-05,0.951748113873805,0.00137534693877551,0.10808,1.33423020408163e-07,0.10476,1.89605450239355e-07,0.097064,4.11871763186847e-07,16225.38,838.53,2386.31533333333,59038.687389899,0.995930802453856,0.1096,0.0003712,0.000529511111111111,0.00162589737373737,0.0918367346938776,26808.0996571429,25435.8007714286,5079.96242857145,1.48130471630911e-05,0.000214196149386976,0.00111117714285714,0.00111426775510204,0.00026185867755102
1598,50,9422.62244897959,19561.692,2071934.48375918,19559.778,6694081.39513857,19626.473,63772484.9985294,0.999247982246918,3.00233552042738e-05,0.986043208351704,0.00205730612244898,0.10152,6.09182040816327e-08,0.10308,6.55980569412951e-08,0.08522,8.38038080978159e-07,19553.9,962.654,1926.46555555556,14784.8254606061,1.00023542248336,0.1028,0.0002104,0.000312977777777778,0.00172763717171717,0,9856.99789387755,10933.3037918367,3706.9723112245,1.36197278993757e-05,6.49249708551577e-05,0.00222752,0.00211350367346939,0.000502602857142857
1599,50,16391.4942857143,22040.5,688911.802040817,22029.616,4367244.50867543,22030.7846,55625198.9983263,1.00128027146374,2.30090256831405e-05,0.995993439848346,0.00220097959183674,0.1028,3.53469387755102e-08,0.09904,2.14802511463845e-07,0.074892,6.95501201235193e-07,22055.66,837.4,2068.32355555556,14152.1394606061,1.00179081664663,0.1052,0.00018,0.000357688888888889,0.00157186666666667,0,17488.1163265306,17356.7523918368,3931.71075187752,8.30787686374763e-06,6.16101867451506e-05,0.00187118367346939,0.00170812081632653,0.000632408506122449
1600,50,11354.1995918367,24084.556,830807.773571429,24089.142,5580125.12376866,24085.8662,35127380.6428735,0.999810365149087,2.59706777166307e-05,0.997868467409165,0.00187118367346939,0.08336,1.11127510204082e-07,0.08212,7.07920060468632e-08,0.068592,6.2071250473217e-07,24083.38,784.93,2498.47088888889,12444.8073393939,0.999376991161546,0.0868,0.0002048,0.000295377777777778,0.00136769939393939,0,10017.3865959183,8110.2796285714,1366.26839955102,7.57912766173756e-06,4.75781085762089e-05,0.00181966367346939,0.00170863836734694,0.000491586873469388
