run,villages-point-mean,population-point-var,population-stability-mean-5-mean,population-stability-var-5-var,population-stability-mean-10-mean,population-stability-var-10-var,population-stability-mean-100-mean,population-stability-var-100-var,population-trend-5-mean,population-trend-10-var,population-trend-100-mean,matrilocal-point-var,matrilocal-stability-mean-5-mean,matrilocal-stability-var-5-var,matrilocal-stability-mean-10-mean,matrilocal-stability-var-10-var,matrilocal-stability-mean-100-mean,matrilocal-stability-var-100-var,population-point-mean,population-stability-var-5-mean,population-stability-var-10-mean,population-stability-var-100-mean,population-trend-10-mean,matrilocal-point-mean,matrilocal-stability-var-5-mean,matrilocal-stability-var-10-mean,matrilocal-stability-var-100-mean,villages-point-var,population-stability-mean-5-var,population-stability-mean-10-var,population-stability-mean-100-var,population-trend-5-var,population-trend-100-var,matrilocal-stability-mean-5-var,matrilocal-stability-mean-10-var,matrilocal-stability-mean-100-var
5381,50,10151.7881632653,25896.472,1242108.73949388,25886.22,17818670.4679917,25868.3476,44125051.4754517,1.00055173240488,2.71933985448304e-05,1.00046939180039,2e-04,0.01016,1.38292244897959e-08,0.01124,1.24839586797682e-08,0.011068,9.51077442510031e-09,25902.74,969.464,2773.77733333333,14078.1795959596,1.00138800251935,0.01,0.0001056,0.000156177777777778,0.000217188686868687,0,11248.1612408163,11698.1224489796,1604.27976963267,8.11429222358141e-06,5.4670148513886e-05,9.09126530612245e-05,7.78595918367347e-05,1.25740571428571e-05
5382,50,14386.3187755102,27392.04,2078426.85214694,27393.946,17103437.8847922,27379.6824,27048699.6448031,0.999935375344815,2.47392797665298e-05,0.999845959807751,0.000183510204081633,0.0096,2.17345306122449e-08,0.01088,2.9889241622575e-08,0.011784,1.11980018365473e-08,27391.74,1230.864,2832.78733333333,12650.6265939394,0.999915496143826,0.0104,0.0001496,0.000185777777777778,0.000251353535353535,0,12308.6073469388,10435.7658000001,1487.28775738776,9.07099671206335e-06,4.11513600658708e-05,9.73061224489796e-05,9.39036734693878e-05,1.27115755102041e-05
5383,0,0,0,0,0,0,1157.186,28510692001.3917,0,0,0,0,0,0,0,0,0.210052,5.97663416685884e-05,0,0,0,2518568.39890505,0,0,0,0,0.0852906771717172,0,0,0,4566.38335510204,0,0,0,0,0.000219251934693878
5384,7.32,55899.486122449,754.608,75452035.3806082,1044.072,308015339.052232,5377.9458,156652302959.181,0.509681658155713,0.00979739752429046,0.0553249672181087,0.00630840816326531,0.93052,3.10103059591837e-05,0.84688,0.000221592126552784,0.306278,0.000193258489321128,528.06,33692.498,123227.703555556,6878004.22088687,0.324339754933546,0.9576,0.0032104,0.0158848,0.052889321010101,4.54857142857143,65992.3917714286,67207.8587918367,26410.6103922041,0.0107042994856197,0.000588952752457278,0.0068389893877551,0.0110668832653061,0.000369325424489796
5385,28.42,38336.5714285714,6925.304,19334623.1665959,7130.366,121816850.373437,10489.3786,94465061229.5077,0.952824232711644,8.53339568898725e-05,0.494920547858222,0.00208526530612245,0.2348,1.58769795918367e-06,0.22496,2.3598017515747e-06,0.14222,6.18008603819102e-07,6758.6,17892.356,62529.3295555556,4342142.23356162,0.90140388950134,0.2338,0.001622,0.00219404444444444,0.00396097616161616,1.30979591836735,36414.8640653061,34154.5953510204,11233.4877918776,3.5455844087769e-05,0.00020734432342498,0.00111444897959184,0.00073342693877551,3.58624489795919e-05
5386,38.98,48271.486122449,11879.2,10709998.5996776,12040.316,149100795.25384,14639.2962,43695621860.4842,0.978675181511387,5.07118242024901e-05,0.68909965907814,0.00175220408163265,0.1572,6.60175877551021e-07,0.14916,4.07589026958932e-07,0.098256,1.76601177164346e-07,11750.06,10577.146,38985.7986666667,2667876.88684242,0.953096011994101,0.1622,0.0009342,0.00121942222222222,0.00266050909090909,1.24448979591837,45518.8848979592,39929.2585142857,12365.3862158775,1.31610219088756e-05,0.00017902860332342,0.000815510204081633,0.000543892244897959,2.60555755102041e-05
5387,44.38,59320.9387755102,16287.592,8037512.12841224,16410.554,96811333.670182,18323.1418,40498345764.8635,0.988255508411331,2.81328859087594e-05,0.817877886227976,0.00130697959183673,0.1128,1.81721469387755e-07,0.11658,1.74679780801209e-07,0.07626,1.77420681113339e-07,16193.6,6168.034,23651.474,1133987.44590909,0.973270479298844,0.1046,0.0005236,0.000687222222222222,0.00222074545454545,2.03632653061225,60458.0227918367,61580.7637591838,16482.7218803674,7.87840305704172e-06,0.000165390995341287,0.000780081632653061,0.000527350612244898,2.06065306122449e-05
5388,49.98,30301.4285714286,21128.148,2138145.17242449,21157.338,12842999.7498306,21543.8468,962337413.15266,0.997648599875699,3.10836977402539e-05,0.952845635444257,0.000559836734693878,0.04776,9.11941224489796e-08,0.04408,9.43193267825649e-08,0.037968,4.16541888868483e-08,21104.6,1355.232,3323.15977777778,83718.4650868687,0.995338347592622,0.0444,0.0004776,0.000485866666666667,0.00073923393939394,0.02,26675.1066285715,24413.1101591836,4238.56540179593,1.30484779627791e-05,9.06132934928976e-05,0.000428675918367347,0.000299258775510204,3.31728326530612e-05
5389,50,20618.1326530612,23739.324,2767937.07690204,23746.054,8597363.09778186,23817.602,75640694.1378504,0.999908320374971,2.95242136508227e-05,0.984121520565648,0.000896163265306122,0.03184,8.46001632653061e-08,0.03372,1.23592634920635e-07,0.031308,4.65653740848602e-08,23738.7,917.606,2422.75844444445,18323.3493818182,0.999257107739792,0.0324,0.0003472,0.000435466666666667,0.000626811313131313,0,20061.2471673469,18412.8658,2231.07480408164,9.08499199985233e-06,5.93969735501116e-05,0.000602096326530612,0.000416164897959184,3.59040163265306e-05
5390,50,11293.6832653061,25629.46,1516791.91159592,25624.392,7367779.98781275,25660.8166,26967865.989851,1.00007933927898,2.06984589619828e-05,0.993507313197229,0.000557714285714286,0.02848,1.1403493877551e-07,0.02888,9.83962993197279e-08,0.02738,3.48748179048785e-08,25629.52,796.594,2267.88533333333,10609.7195050505,1.00054141175532,0.0312,0.0002976,0.000397511111111111,0.000561062626262626,0,10050.3236734694,8728.25462857145,2206.88719840816,6.78948754726505e-06,4.05274046813001e-05,0.000297560816326531,0.000187944489795918,3.71465306122449e-05
5391,50,13679.8812244898,27239.564,819658.293718367,27228.758,6771462.02258912,27223.3376,13632992.1185297,1.00026619419557,2.10059844353982e-05,0.995763274848955,0.000934040816326531,0.03,6.7934693877551e-08,0.0302,1.15480969513731e-07,0.0253,8.82327272227532e-08,27242.58,865.034,2679.47488888889,9347.73078383838,1.00145598823088,0.0308,0.000268,0.000408977777777778,0.000551987878787879,0,12898.598677551,10942.4735061224,1620.10586759185,6.73453596182514e-06,2.95868924941257e-05,0.000846530612244898,0.000536204081632653,5.77163265306123e-05
5392,0,0,0,0,0,0,923.0692,25040550867.9807,0,0,0,0,0,0,0,0,0.181814,4.75099974299884e-05,0,0,0,2204178.27220606,0,0,0,0,0.0814854232323232,0,0,0,3008.75727281633,0,0,0,0,0.000213510616326531
5393,0,0,0,0,0,0,3448.0442,118728291214.295,0,0,0,0,0,0,0,0,0.277074,6.14578533988622e-05,0,0,0,10659919.5661111,0,0,0,0,0.0862043476767677,0,0,0,14628.1014248571,0,0,0,0,0.000332565636734694
5394,9.02,143535.592244898,1285.916,154266385.123673,1690.766,1297492219.33372,7776.5594,600813601657.968,0.559188482947317,0.0121822006996622,0.0695762220180652,0.0128581224489796,0.88352,5.95560693877551e-05,0.7837,0.000254727002229781,0.2995,0.00015535283772847,948.86,71874.84,241551.204666667,13718269.500095,0.38138421891967,0.9248,0.005274,0.0203772222222222,0.0431126080808081,2.50979591836735,145603.53157551,131257.133718367,39835.8385486123,0.0131204209677186,0.000757548091701551,0.0115244995918367,0.0124614387755102,0.000329457142857143
5395,21.92,57592.613877551,6696.772,51234015.8619755,6969.5,529065056.535102,12021.83,237255512532.016,0.936641001814068,0.000181942550498248,0.381653501817051,0.00518367346938775,0.25304,6.16312412244898e-06,0.2562,2.79402062786596e-06,0.179396,9.17778941358503e-07,6477.28,30390.108,110938.314222222,9936031.04366061,0.867394843952602,0.254,0.0025906,0.00296537777777778,0.00550312606060606,1.74857142857143,55396.997567347,53604.6481632653,18051.9382408163,6.00961500345874e-05,0.000180931061394834,0.00218763102040816,0.00101869387755102,3.75718204081633e-05
5396,31.14,74437.8775510204,11288.472,55105756.2065306,11505.418,431423932.234178,15659.7656,239475656617.88,0.968617963111795,9.31196630844025e-05,0.561919029397849,0.00209995918367347,0.165,8.54033673469388e-07,0.16662,8.87392683799446e-07,0.141936,4.08044866642096e-07,11107,20965.36,71472.3535555556,6969594.50933333,0.933361378683574,0.1602,0.001359,0.00157082222222222,0.00335457171717172,0.939183673469388,67064.8828734694,60036.5072204083,20032.8689965715,3.16065940106136e-05,0.000196800410721448,0.00131040816326531,0.00085452612244898,3.81488816326531e-05
5397,39.68,144441.926938776,15433.268,28635402.7727714,15627.504,256715582.973469,18894.4878,248539456410.112,0.979801156399856,4.50292786550186e-05,0.691287886565713,0.00119269387755102,0.1798,2.08726530612245e-07,0.16816,7.62089090450995e-07,0.115522,3.62296751099076e-07,15277.54,15948.622,56653.5448888889,4342487.52549697,0.956365704451194,0.1846,0.000728,0.00125822222222222,0.00288806282828283,0.344489795918367,134282.876097959,125317.448555102,35304.9820501632,1.40873933841349e-05,0.000318698276742523,0.000748938775510204,0.000529198367346939,2.34544040816327e-05
5398,44.44,161647.369795918,19548.896,26825404.512751,19696.196,233040144.243709,22048.3472,214345682010.231,0.987680057857867,3.35827369870915e-05,0.807513036273483,0.00140510204081633,0.12372,8.84847346938776e-08,0.129,1.80988533131771e-07,0.09726,2.47043453816666e-07,19426.76,9983.848,33977.8377777778,1862310.39678384,0.973341146907989,0.123,0.0004764,0.000727022222222222,0.00260615151515152,3.72081632653061,163922.864065306,164297.105697959,36550.7924858776,1.07327605071608e-05,0.000325677978079612,0.000945144489795918,0.000584367346938775,2.1145306122449e-05
5399,49.94,113223.030204082,24073.932,6854145.87358775,24121.84,50408785.2083144,24816.903,8740596575.57503,0.99649667023781,3.40325626821604e-05,0.929825779935058,0.00129371428571429,0.08216,2.81845551020408e-07,0.07832,1.34235009322247e-07,0.058848,6.51352964889464e-08,24028.52,2255.978,6223.32444444445,241279.863028283,0.992573365635686,0.0896,0.0006256,0.000747377777777778,0.00109756929292929,0.0575510204081633,102052.776506122,94850.7412244899,14492.1399928571,1.09235667681605e-05,0.000158756787775869,0.00077923918367347,0.000486262857142857,4.1060506122449e-05
5400,50,12160.5816326531,26656.456,759782.675138776,26653.19,6085213.13536352,26782.4858,146156041.275853,1.00010621810143,2.01644753480502e-05,0.974878055286507,0.001,0.04696,1.1483493877551e-07,0.04808,7.30991262282691e-08,0.044252,4.86535192328979e-08,26656.1,865.958,2548.282,36260.2054484849,1.00021421570472,0.046,0.0004824,0.000574933333333333,0.000824613333333333,0,13296.744555102,12282.2041836735,3102.20367791836,6.16321857240281e-06,3.59730943767541e-05,0.000590243265306122,0.000401299591836735,4.37890775510204e-05
