run,villages-point-mean,population-point-var,population-stability-mean-5-mean,population-stability-var-5-var,population-stability-mean-10-mean,population-stability-var-10-var,population-stability-mean-100-mean,population-stability-var-100-var,population-trend-5-mean,population-trend-10-var,population-trend-100-mean,matrilocal-point-var,matrilocal-stability-mean-5-mean,matrilocal-stability-var-5-var,matrilocal-stability-mean-10-mean,matrilocal-stability-var-10-var,matrilocal-stability-mean-100-mean,matrilocal-stability-var-100-var,population-point-mean,population-stability-var-5-mean,population-stability-var-10-mean,population-stability-var-100-mean,population-trend-10-mean,matrilocal-point-mean,matrilocal-stability-var-5-mean,matrilocal-stability-var-10-mean,matrilocal-stability-var-100-mean,villages-point-var,population-stability-mean-5-var,population-stability-mean-10-var,population-stability-mean-100-var,population-trend-5-var,population-trend-100-var,matrilocal-stability-mean-5-var,matrilocal-stability-mean-10-var,matrilocal-stability-mean-100-var
3541,3.06,46360.3265306123,513.468,1788069938.13582,1015.97,11846353312.4603,9159.0826,1832394525901.33,0.209985954009608,0.00735511730030728,0.0138233716713145,0.186122448979592,0.88604,0.0129149175487347,0.89604,0.00628950219865155,0.346474,0.000100127758868541,234.6,70650.536,379303.110888889,24312186.5399818,0.102670670445738,0.76,0.0628468,0.0486527555555556,0.0631962482828283,7.20040816326531,106898.053240816,152288.30744898,41557.6277502449,0.0228199374962043,0.000160581291067533,0.043210692244898,0.00919881469387755,0.000248470942857143
3542,18.18,179459.87755102,5205.856,304555821.509082,5707.218,2364550522.24537,12757.6936,1348600723341.99,0.856855359690712,0.000664856739282858,0.243767150280265,0.0024145306122449,0.46416,9.87746979591837e-07,0.4383,4.93002643537415e-06,0.233604,5.31612675877122e-06,4809.2,100333.33,367745.154888889,19026550.7529293,0.728324332579889,0.4624,0.0012614,0.0029974,0.0107016084848485,2.2730612244898,184429.227820408,172105.472526531,36737.9619582041,0.000207237813903134,0.000460578980171616,0.00124976979591837,0.00151188775510204,0.000108631412244898
3543,25.02,64375.5628571429,9490.78,207419773.141098,9861.42,2085773169.69394,16005.4026,751546988289.158,0.943205126271448,0.000131216479708403,0.418508911121174,0.00263873469387755,0.28296,5.09566897959184e-07,0.294,6.63779692617788e-07,0.19273,7.21471739523664e-07,9216.78,50029.518,205871.416,14305618.232495,0.873312764233372,0.2702,0.0010438,0.00111688888888889,0.00486187171717172,2.63224489795918,73630.0951020408,87943.7726530613,25112.8113706531,5.79826661271266e-05,0.00014347706234213,0.000957753469387755,0.000378367346938775,4.10960204081633e-05
3544,30.24,87868.6383673469,13710.432,35684868.2978327,13973.874,491302977.542916,19019.6408,504197804716.878,0.969461448729746,4.56935105532285e-05,0.561174356857629,0.00438812244897959,0.191,1.5038292244898e-06,0.17998,2.24836585588309e-06,0.164522,4.38653302328959e-07,13496.88,28694.718,103596.492666667,10108375.7737172,0.934062526870033,0.2058,0.0013956,0.00202784444444444,0.00302691333333333,0.349387755102041,86814.7009959184,84767.4150244898,24463.0344850613,1.0574732173233e-05,0.000161240658855085,0.00202583673469388,0.00108850979591837,6.54768530612245e-05
3545,39.28,216470.863673469,17676.812,128888933.180771,17946.75,1437880128.93282,21840.7196,431859985466.597,0.974455028837767,8.72179903506776e-05,0.6774172919681,0.000609183673469388,0.21296,2.4195918367347e-07,0.20612,2.55801412950365e-07,0.149002,4.52783354498396e-07,17446.56,33608.338,110190.219777778,6294178.2050101,0.947483989329957,0.221,0.000532,0.000725866666666667,0.00250220303030303,0.981224489795918,206487.520669388,185955.638469388,44913.5363426939,1.93877582666211e-05,0.000339807183764647,0.000512692244897959,0.000387413877551021,6.55132612244898e-05
3546,41.68,227193.724489796,21528.828,27468982.8959551,21683.834,316908352.4198,24705.3796,506876061140.241,0.988990312636597,3.2949831858984e-05,0.784736299266281,0.00131187755102041,0.14316,2.73856489795918e-07,0.14538,2.09305895187705e-07,0.137128,2.61656410824218e-07,21410.3,9699.958,37935.6477777778,3090877.33940606,0.974505910749104,0.1406,0.0005992,0.000804422222222222,0.00175127232323232,2.26285714285714,241615.265322449,258919.905555102,78276.2378488165,9.30680337441165e-06,0.000322441960828467,0.000842300408163265,0.000654362857142857,7.21959346938776e-05
3547,0,0,0,0,0,0,722.1486,23166918385.9116,0,0,0,0,0,0,0,0,0.158376,3.49150881603595e-05,0,0,0,1821452.58700404,0,0,0,0,0.0791922577777778,0,0,0,1849.10426942857,0,0,0,0,0.000139946351020408
3548,0,0,0,0,0,0,1987.6086,136193641222.855,0,0,0,0,0,0,0,0,0.200194,3.8687609441944e-05,0,0,0,8593812.52537172,0,0,0,0,0.0839356305050505,0,0,0,5332.34172248979,0,0,0,0,0.000172355269387755
3549,0,0,0,0,0,0,3600.7764,298070779832.722,0,0,0,0,0,0,0,0,0.22735,2.93500067447689e-05,0,0,0,19899098.4564808,0,0,0,0,0.0823242858585859,0,0,0,16357.3604969796,0,0,0,0,0.000222892346938776
3550,0,0,0,0,0,0,5233.1826,462035556997.255,0,0,0,0,0,0,0,0,0.253868,4.6500019319599e-05,0,0,0,32295520.7020061,0,0,0,0,0.0827999725252525,0,0,0,29019.4945624898,0,0,0,0,0.000239046710204082
3551,0,0,0,0,0,0,6985.5672,638930851138.342,0,0,0,0,0,0,0,0,0.283756,4.26385999617555e-05,0,0,0,44305583.3384,0,0,0,0,0.0819872347474747,0,0,0,40201.0498654694,0,0,0,0,0.000266785779591837
3552,0,0,0,0,0,0,8765.3064,1236549018769.34,0,0,0,0,0,0,0,0,0.307026,1.84375011807367e-05,0,0,0,53791365.2345616,0,0,0,0,0.077737537979798,0,0,0,62178.2982684082,0,0,0,0,0.000296217065306123
3553,0,0,0,0,4.97,6000032.08301885,10696.3408,4094020815497.78,0,0,0,0,0,0,0.036,0.00433681027966742,0.33591,3.38228410561863e-05,0,0,747.282444444444,59332786.4548404,0,0,0,0.032,0.0723095913131313,0,0,147.182551020408,98376.8513911837,0,0,0,0.00602448979591837,0.000413384183673469
3554,0.08,3872.96367346939,55.436,273242255.419592,221.408,14221702095.4308,12501.1656,7056241808196.48,0.0264823344008947,0.00183535149786088,0.000560797731662295,0.0391836734693878,0.18536,0.0138695287739184,0.43892,0.00695792054391534,0.355702,4.12020439007444e-05,14.34,7156.7,85523.0955555556,62215929.3259879,0.00984400964391691,0.04,0.0795134,0.192251111111111,0.0673844624242424,0.115918367346939,13212.1856163265,57874.5138122449,112397.121886367,0.0144000320468215,5.92213983541981e-06,0.0853287248979592,0.0635306465306122,0.000337029995918367
3555,3.38,170511.510612245,932.152,12175282572.827,1724.152,111804386183.201,14365.714,12429656900603.2,0.267442010157158,0.00951174682155293,0.017430936864873,0.148778816326531,0.91316,0.00759964724146939,0.88098,0.00322797617567397,0.354758,8.36390446936579e-05,472.14,176505.444,952269.445777778,59054706.6120323,0.129766920768615,0.8126,0.0421056,0.0333112222222222,0.0546020636363636,6.52612244897959,303203.173159184,424957.138465306,115842.645604082,0.026713448522014,0.00023304622784075,0.0239170759183673,0.00610769346938776,0.000193814730612245
3556,0,0,0,0,0,0,718.2086,17418641127.0331,0,0,0,0,0,0,0,0,0.156418,4.19981108432763e-05,0,0,0,1823763.18784848,0,0,0,0,0.0784817698989899,0,0,0,1611.58930208163,0,0,0,0,0.000159384771428571
3557,0,0,0,0,0,0,1829.8274,102711000784.059,0,0,0,0,0,0,0,0,0.190448,2.88925871326256e-05,0,0,0,8138822.21570303,0,0,0,0,0.0830250145454546,0,0,0,5794.70822779592,0,0,0,0,0.00014966826122449
3558,0,0,0,0,0,0,3234.4074,239846090201.44,0,0,0,0,0,0,0,0,0.220522,3.21622211749909e-05,0,0,0,18578830.4943657,0,0,0,0,0.0846541573737374,0,0,0,13597.516738,0,0,0,0,0.000169848689795918
3559,0,0,0,0,0,0,4568.363,340955309019.304,0,0,0,0,0,0,0,0,0.236826,3.0889918036394e-05,0,0,0,30352935.1451616,0,0,0,0,0.0828386204040404,0,0,0,22890.8076744898,0,0,0,0,0.000207379106122449
3560,0,0,0,0,0,0,5895.6942,815305440662.986,0,0,0,0,0,0,0,0,0.25571,3.12110142153975e-05,0,0,0,42356639.9503535,0,0,0,0,0.0824000046464646,0,0,0,42009.1039146531,0,0,0,0,0.000251644183673469
