run,villages-point-mean,population-point-var,population-stability-mean-5-mean,population-stability-var-5-var,population-stability-mean-10-mean,population-stability-var-10-var,population-stability-mean-100-mean,population-stability-var-100-var,population-trend-5-mean,population-trend-10-var,population-trend-100-mean,matrilocal-point-var,matrilocal-stability-mean-5-mean,matrilocal-stability-var-5-var,matrilocal-stability-mean-10-mean,matrilocal-stability-var-10-var,matrilocal-stability-mean-100-mean,matrilocal-stability-var-100-var,population-point-mean,population-stability-var-5-mean,population-stability-var-10-mean,population-stability-var-100-mean,population-trend-10-mean,matrilocal-point-mean,matrilocal-stability-var-5-mean,matrilocal-stability-var-10-mean,matrilocal-stability-var-100-mean,villages-point-var,population-stability-mean-5-var,population-stability-mean-10-var,population-stability-mean-100-var,population-trend-5-var,population-trend-100-var,matrilocal-stability-mean-5-var,matrilocal-stability-mean-10-var,matrilocal-stability-mean-100-var
5681,0,0,0,0,0,0,692.4326,8378104383.23795,0,0,0,0,0,0,0,0,0.163582,3.41365097448876e-05,0,0,0,1574468.6930202,0,0,0,0,0.0796691787878788,0,0,0,1115.65404820408,0,0,0,0,0.000133369669387755
5682,0,0,0,0,0,0,1218.8562,15364019429.589,0,0,0,0,0,0,0,0,0.184268,3.64624197298511e-05,0,0,0,3776141.34431313,0,0,0,0,0.0817603648484849,0,0,0,2364.28964444898,0,0,0,0,0.000184798955102041
5683,0,0,0,0,0,0,1758.6602,49447411616.9414,0,0,0,0,0,0,0,0,0.20223,2.64595156337554e-05,0,0,0,6499482.21967475,0,0,0,0,0.082696483030303,0,0,0,6957.74863057143,0,0,0,0,0.000158947857142857
5684,0,0,0,0,0,0,2330.3676,59018881739.8711,0,0,0,0,0,0,0,0,0.222156,3.54321182056642e-05,0,0,0,9435136.74738586,0,0,0,0,0.0829134606060606,0,0,0,6489.79281453061,0,0,0,0,0.00026190373877551
5685,0,0,0,0,0,0,2839.0042,62979917628.5801,0,0,0,0,0,0,0,0,0.234376,2.95681621871404e-05,0,0,0,12268274.6242444,0,0,0,0,0.0824637191919192,0,0,0,8787.20018404082,0,0,0,0,0.000204090432653061
5686,0,0,0,0,0,0,3349.0348,119207149899.423,0,0,0,0,0,0,0,0,0.248952,3.34323703209887e-05,0,0,0,14971199.4852485,0,0,0,0,0.0825829042424243,0,0,0,13848.7620336327,0,0,0,0,0.000196190302040816
5687,0,0,0,0,0,0,3848.2272,138148343887.069,0,0,0,0,0,0,0,0,0.264848,1.68425556737849e-05,0,0,0,17402481.1418101,0,0,0,0,0.0822634307070707,0,0,0,23733.0714164898,0,0,0,0,0.000288102546938775
5688,0,0,0,0,0,0,4365.845,94152408364.1637,0,0,0,0,0,0,0,0,0.279028,2.36650599883287e-05,0,0,0,19756339.500297,0,0,0,0,0.0813950472727273,0,0,0,27087.3176336735,0,0,0,0,0.00038473307755102
5689,49.66,27675.3342857143,3982.544,57415.3872,3998.454,794741.561645805,4420.8776,1133229262.60546,0.993394726135421,0.000170145128580808,0.794282355628593,0,0,0,0,0,0,0,3969.18,239.388,741.462888888889,93696.8845818182,0.985750634162776,0,0,0,0,0.392244897959184,27547.8792489796,27591.1584530612,16452.7584512653,4.88219618424479e-05,0.0011509756693515,0,0,0
5690,50,25666.7036734694,9557.704,232936.730779592,9555.994,1920630.60572179,9585.6672,82734664.278295,1.00025282234738,9.28996211925586e-05,0.995500111897635,0,0,0,0,0,0,0,9559.52,423.806,1209.08866666667,11243.2715272727,1.00070271774443,0,0,0,0,0,24393.0403918367,21562.5164938776,11669.1755430204,2.71885026709906e-05,0.000376784407541729,0,0,0
5691,50,24796.5648979592,13786.012,270348.07102449,13779.918,1221452.64081779,13766.9858,103682280.239648,1.0008316695739,4.57639338857595e-05,1.00264095351804,0,0,0,0,0,0,0,13790.92,441.486,1345.09755555556,14575.290389899,1.00163373019837,0,0,0,0,0,24476.0316897959,22698.8688530612,6595.17113506122,1.28161061332004e-05,0.000258754801843045,0,0,0
5692,50,19176.773877551,17120.38,1481015.11183673,17122.346,9695094.95002575,17104.2756,97219498.821459,0.999784270965343,6.30983455435312e-05,1.0016118856783,0,0,0,0,0,0,0,17118.96,890.98,2684.04066666667,16944.4411838384,0.999794179153986,0,0,0,0,0,16521.6689795919,14459.8017183673,5471.50578840817,1.82754827997884e-05,0.00012502438367722,0,0,0
5693,50,16535.4285714286,19877.224,589657.161485715,19874.03,7852373.53433354,19872.7904,67541479.0034956,0.999563863513188,3.7912532778533e-05,1.00130302134727,0,0,0,0,0,0,0,19870.8,665.688,2239.73355555556,15199.5096282828,1.00029802662722,0,0,0,0,0,16145.6320653061,14769.217244898,2647.56279167346,9.56483282705017e-06,8.18733089707847e-05,0,0,0
5694,50,17717.8730612245,22216.976,3581996.83265306,22221.798,39864466.978057,22220.4338,79307096.5730493,1.00003736715592,5.56233293544463e-05,0.999659406421924,0,0,0,0,0,0,0,22218.38,1314.36,3928.61044444444,14365.188389899,0.999251429876984,0,0,0,0,0,15812.8483918368,12308.2773428571,3299.41950159182,1.57347342576491e-05,7.02695416427356e-05,0,0,0
5695,50,11816.5832653061,24211.928,1712500.15030612,24211.74,6854820.24973666,24216.1196,58761001.1189997,0.999851653813529,2.46694060585678e-05,0.999897683956295,0,0,0,0,0,0,0,24210.22,1030.91,2421.572,12843.2120040404,1.00002781552893,0,0,0,0,0,12551.3987918367,11688.9159183674,2909.2042977959,1.03367074084573e-05,5.04073767628132e-05,0,0,0
5696,50,16071.0873469388,25912.964,1185601.24693878,25932.942,15055769.8341711,25934.1676,52593301.3982334,0.998893784160319,2.98295165940256e-05,0.998610140068365,0,0,0,0,0,0,0,25899.12,1075.28,3691.27,14491.3269535354,0.997445715553168,0,0,0,0,0,16168.5088816327,13157.6445265306,1939.80839412246,7.78331534569514e-06,5.10098295735045e-05,0,0,0
5697,50,9592.89632653061,27449.912,1511188.84377551,27450.092,7486671.86348078,27431.4024,28815900.5785464,0.999731924312242,2.29668041924689e-05,1.0018247956541,0,0,0,0,0,0,0,27445.96,1002.59,2436.76266666667,12252.7836282828,1.00005755450004,0,0,0,0,0,8989.08597551021,8933.46238367351,1537.02559412246,7.64065450640159e-06,3.00339989586019e-05,0,0,0
5698,0,0,0,0,0,0,1012.3566,15794936670.3491,0,0,0,0,0,0,0,0,0.193366,6.43913515174174e-05,0,0,0,2328677.45360202,0,0,0,0,0.0836690866666667,0,0,0,1852.19466371429,0,0,0,0,0.000170749228571429
5699,0,0,0,0,1.456,157356.933350265,4336.3692,93633356814.0658,0,0,0,0,0,0,0.028,0.00411186696900983,0.32554,4.13041244666986e-05,0,0,88.3204444444445,9987645.63349091,0,0,0,0.02,0.0822133066666667,0,0,33.9139428571429,17113.8964646531,0,0,0,0.00940408163265306,0.000328423265306123
5700,19.88,52437.1024489796,4623.708,46561342.9930163,4884.514,351968801.08582,9320.7218,131114366737.387,0.910016664502565,0.000390947697575695,0.323338149054218,0.00545404081632653,0.31312,1.61923722857143e-05,0.28416,1.57109586293777e-05,0.185546,2.90703236301373e-06,4404.14,29745.938,101141.240222222,7638439.87363434,0.823231109693573,0.3552,0.0046254,0.00622155555555556,0.00649361595959596,0.393469387755102,46405.2003428572,39160.6669428572,14515.7256191429,0.000155228484219963,0.000258955180610121,0.00383463836734694,0.00200254530612245,5.59409020408164e-05
