run,villages-point-mean,population-point-var,population-stability-mean-5-mean,population-stability-var-5-var,population-stability-mean-10-mean,population-stability-var-10-var,population-stability-mean-100-mean,population-stability-var-100-var,population-trend-5-mean,population-trend-10-var,population-trend-100-mean,matrilocal-point-var,matrilocal-stability-mean-5-mean,matrilocal-stability-var-5-var,matrilocal-stability-mean-10-mean,matrilocal-stability-var-10-var,matrilocal-stability-mean-100-mean,matrilocal-stability-var-100-var,population-point-mean,population-stability-var-5-mean,population-stability-var-10-mean,population-stability-var-100-mean,population-trend-10-mean,matrilocal-point-mean,matrilocal-stability-var-5-mean,matrilocal-stability-var-10-mean,matrilocal-stability-var-100-mean,villages-point-var,population-stability-mean-5-var,population-stability-mean-10-var,population-stability-mean-100-var,population-trend-5-var,population-trend-100-var,matrilocal-stability-mean-5-var,matrilocal-stability-mean-10-var,matrilocal-stability-mean-100-var
361,41.24,13006.1734693878,1196.116,30831.6696367347,1219.764,216875.815956463,1682.0948,381411940.403925,0.968531259849385,0.000348717048000402,0.521015840749592,0,0,0,0,0,0,0,1177.1,263.234,890.502666666667,100178.673393939,0.932340358978494,0,0,0,0,6.83918367346939,12734.4115755102,12718.3223510204,9092.31097240816,0.000152339218334603,0.00198252605510649,0,0,0
362,49.98,13354.612244898,4343.444,20476.4588938776,4343.792,144667.294241572,4419.1506,35311483.413444,0.999364264254723,0.000127261961843626,0.953916874901838,0,0,0,0,0,0,0,4341.6,102.822,337.905333333333,8634.13462424242,0.999203113463902,0,0,0,0,0.02,12410.0625142857,11026.4917714286,5106.57249146939,2.97774501991389e-05,0.000820608594909816,0,0,0
363,50,9173.60857142857,6661.92,61085.1307306123,6660.03,590372.57937158,6677.082,10666035.2550047,1.00055860693042,0.000102183183303801,0.996215093002397,0,0,0,0,0,0,0,6663.06,202.322,648.958,5025.70663838384,1.00072640541847,0,0,0,0,0,8828.7918367347,7431.63969387756,1903.20296326531,2.49742231113995e-05,0.000423138280172953,0,0,0
364,50,8183.38326530612,8409.184,92554.4064040816,8409.53,1259433.13169771,8396.5136,8429726.37895804,1.00012659915308,6.32169619648963e-05,1.00115876746553,0,0,0,0,0,0,0,8408.62,226.018,662.800666666667,5437.29673131313,0.999723614942799,0,0,0,0,0,7526.39157551021,6957.39642857145,1835.32495004081,1.87621520661423e-05,0.000202698531690964,0,0,0
365,50,7520.8493877551,9837.6,123905.162106122,9838.738,867881.623822676,9827.6122,11005959.0019656,0.998640471647029,5.81521526329408e-05,1.00000884012352,0,0,0,0,0,0,0,9830.74,350.944,895.048222222222,5759.73263232323,0.99962713441084,0,0,0,0,0,7635.45795918368,6971.46322040814,1417.86010730612,1.82245975685356e-05,0.000194616386673745,0,0,0
366,50,7185.04857142857,11016.196,104639.801555102,11017.444,4226264.72070023,11013.4946,9306609.50379639,1.00042870778257,6.42945140129389e-05,1.00052583957348,0,0,0,0,0,0,0,11019.82,297.174,1194.53288888889,5660.65115353535,0.999739162229928,0,0,0,0,0,6705.65141224489,5219.88088163266,1968.44502942857,1.30569628723806e-05,0.000115166417739925,0,0,0
367,50,6336.59959183674,12020.14,394420.131759184,12028.958,2362512.82518524,12024.7074,11263616.3038173,0.998590811746077,7.11232219812849e-05,0.998809621520998,0,0,0,0,0,0,0,12012.18,526.626,1548.64288888889,6609.48241414141,0.997533008780552,0,0,0,0,0,6887.61183673469,7554.85064897959,1244.78019922448,1.97133266960807e-05,0.00011838359085493,0,0,0
368,50,5080.57306122449,12896.916,305853.962873469,12900.952,971925.837933989,12898.1028,5780015.50441798,0.999470665977759,3.0090412042559e-05,1.00018583945496,0,0,0,0,0,0,0,12893.28,396.928,947.744444444444,5217.70721212121,0.99919699594242,0,0,0,0,0,5012.83933061226,4139.26499591836,1245.03682873469,1.40454144804577e-05,6.67936126441043e-05,0,0,0
369,50,8378.92285714286,13661.196,287383.602595918,13652.98,3373571.56922147,13648.4056,4218401.29073097,1.00088489364608,5.68061930794834e-05,1.0013363800285,0,0,0,0,0,0,0,13666.34,480.216,1723.93777777778,5651.97400808081,1.00217939957353,0,0,0,0,0,7201.61712653061,5312.68938775512,905.392265959183,1.44246369935895e-05,6.49413323331252e-05,0,0,0
370,0,0,0,0,0,0,290.7034,1333949985.09073,0,0,0,0,0,0,0,0,0.145456,3.12902654049489e-05,0,0,0,340160.176422222,0,0,0,0,0.0729681098989899,0,0,0,488.137112693878,0,0,0,0,0.000100166595918367
371,0,0,0,0,0,0,1115.3026,14763221231.4435,0,0,0,0,0,0,0,0,0.21638,6.23588362362734e-05,0,0,0,2191482.08697576,0,0,0,0,0.0857930937373737,0,0,0,2953.12870126531,0,0,0,0,0.000337849795918367
372,0,0,0,0,0,0,2563.5178,19092035517.1397,0,0,0,0,0,0,0,0,0.299336,4.20653978511504e-05,0,0,0,5141493.62550909,0,0,0,0,0.0865227802020202,0,0,0,3753.93513179592,0,0,0,0,0.000291802759183674
373,1.6,8707.83510204082,169.204,62327476.4830367,375.2,659079105.952046,4424.7454,105524752086.829,0.154567774389908,0.0062876007735788,0.00812203723149112,0.240408163265306,0.85548,0.0142124723565714,0.8941,0.00647057494640514,0.364268,5.88016199701198e-05,68.04,9952.768,66535.4257777778,6089700.4374,0.0680291307295993,0.62,0.0864616,0.0620356222222222,0.0649909870707071,3.26530612244898,19410.2816163265,30669.0742857143,12623.7272988163,0.0231501717249699,0.000123420297881987,0.0516647853061224,0.0109662551020408,0.000241047934693878
374,18.26,44620.0657142857,2801.48,26014495.2607388,3013.122,190279349.955677,6392.6018,82068006676.011,0.878563178663336,0.000890697380652626,0.269229099378557,0.00221044897959184,0.47492,1.16392342857143e-06,0.4586,2.04444991887125e-06,0.253266,4.71775617743816e-06,2620.34,20493.874,66449.2286666667,4454538.25398182,0.774242728058285,0.4824,0.0010552,0.00166902222222222,0.0109624292929293,1.54326530612245,38565.1248979592,32506.7646081633,7495.98387220407,0.00039376031438865,0.000473284270759084,0.00137146285714286,0.0015909387755102,8.09267795918368e-05
375,26.42,33430.2759183674,5041.46,16592760.2310245,5231.98,133064978.099798,8113.7702,42686445311.2996,0.939902864190853,0.000188089967144048,0.446722029781715,0.00200036734693878,0.31324,3.67914285714286e-07,0.31434,3.16152415721844e-07,0.216934,8.79507494363507e-07,4885.36,15556.014,53911.5551111111,3251525.20710909,0.877408830222634,0.3042,0.000546,0.000545755555555556,0.00457807858585859,2.12612244897959,32435.5889795918,29810.6,9202.22770812246,6.41860909614644e-05,0.000265660008610837,0.00085092081632653,0.000413657551020408,5.68182081632653e-05
376,32.26,36317.3163265306,7245.06,7635258.60956735,7385.81,99958620.4758942,9721.2474,44901148148.2658,0.970197741405518,8.32490486672365e-05,0.597439711953968,0.0010550612244898,0.23532,1.78096979591837e-07,0.23066,6.4075214159738e-07,0.197,3.05292525243197e-07,7135.5,7779.132,30126.1504444444,2099690.49542828,0.933304344466685,0.2402,0.0003564,0.000678333333333333,0.00242928929292929,1.82897959183673,39081.4926530612,41999.7494897959,9047.80420330611,2.17130008176723e-05,0.000272742915229871,0.000720589387755102,0.000669453469387755,5.24934693877551e-05
377,40.18,50332.367755102,9623.728,3294919.92822857,9699.054,24063232.6595143,11315.8732,37740986334.5015,0.986697618233021,6.36033281931546e-05,0.744284488690898,0.000190367346938775,0.23784,9.30710204081631e-09,0.23416,2.0609975308642e-08,0.18788,2.99128301820764e-07,9558.86,2963.856,9253.45933333333,1043900.41013737,0.972173591752124,0.2412,5.48e-05,0.000113377777777778,0.00171237616161616,0.599591836734694,49748.3277714285,50566.2058,18813.9978426122,1.99743628009526e-05,0.00033055761113627,0.00020928,0.000165565714285714,3.08297959183673e-05
378,47.22,123600.613877551,12118.216,3879754.0524449,12173.902,33421494.4620824,12853.3562,9241422298.86349,0.992425147792983,7.73637621735464e-05,0.889534116882808,0.000267102040816326,0.19276,1.81887346938775e-08,0.1935,1.17197223481985e-08,0.18468,1.92661940082582e-07,12072.72,1867.902,6011.21444444445,161334.617387879,0.983884392678024,0.1968,8.52e-05,9.62444444444444e-05,0.00118958424242424,2.86897959183673,116845.746677551,106699.668771429,14142.0490893469,2.16533415669776e-05,0.000708267239311693,0.000152471836734694,9.31938775510204e-05,2.08257142857143e-05
379,0,0,0,0,0,0,257.8938,1488402677.50915,0,0,0,0,0,0,0,0,0.130402,5.22507709622734e-05,0,0,0,314528.285448485,0,0,0,0,0.068914344040404,0,0,0,464.806864857143,0,0,0,0,0.000118507955102041
380,0,0,0,0,0,0,742.977,8715622486.23589,0,0,0,0,0,0,0,0,0.15863,2.50507123749364e-05,0,0,0,1707353.30948889,0,0,0,0,0.076904636969697,0,0,0,965.578445918367,0,0,0,0,7.60331632653062e-05
