run,villages-point-mean,population-point-var,population-stability-mean-5-mean,population-stability-var-5-var,population-stability-mean-10-mean,population-stability-var-10-var,population-stability-mean-100-mean,population-stability-var-100-var,population-trend-5-mean,population-trend-10-var,population-trend-100-mean,matrilocal-point-var,matrilocal-stability-mean-5-mean,matrilocal-stability-var-5-var,matrilocal-stability-mean-10-mean,matrilocal-stability-var-10-var,matrilocal-stability-mean-100-mean,matrilocal-stability-var-100-var,population-point-mean,population-stability-var-5-mean,population-stability-var-10-mean,population-stability-var-100-mean,population-trend-10-mean,matrilocal-point-mean,matrilocal-stability-var-5-mean,matrilocal-stability-var-10-mean,matrilocal-stability-var-100-mean,villages-point-var,population-stability-mean-5-var,population-stability-mean-10-var,population-stability-mean-100-var,population-trend-5-var,population-trend-100-var,matrilocal-stability-mean-5-var,matrilocal-stability-mean-10-var,matrilocal-stability-mean-100-var
301,49.96,17519.3571428571,16383.62,416598.436689796,16397.648,3213560.66426082,16648.0592,438525743.974479,0.99860794833334,3.3354900877067e-05,0.959365991280086,8.00000000000001e-06,0.19952,4.08163265306124e-10,0.19956,1.30813807004284e-10,0.173096,3.86088530292244e-07,16372.3,571.462,1769.08622222222,42690.027810101,0.996818241959986,0.1996,4.00000000000001e-06,2.22222222222223e-06,0.00213322666666667,0.0391836734693878,17899.1775510204,18582.8515265306,7339.87690138775,1.06108046879706e-05,9.21161543217348e-05,6.29551020408164e-06,6.74122448979593e-06,5.40003918367347e-05
302,50,20546.232244898,19608.272,730049.9082,19602.838,8707858.54015747,19633.5906,54505921.5827489,0.999970976352789,3.49568077976826e-05,0.990169185930865,8.00000000000001e-06,0.1996,0,0.19956,3.20000000000001e-11,0.168724,8.1212092674192e-07,19607.18,691.442,2189.65888888889,11624.8544424242,1.0008216038686,0.1996,0,8.00000000000001e-07,0.00244195636363636,0,18902.0861387755,15439.6354653061,5892.8092792245,1.00480086422573e-05,9.21687562232235e-05,8.00000000000001e-06,8.04734693877552e-06,9.09745142857143e-05
303,50,13206.3526530612,22037.396,1579529.9727551,22038.532,8911517.42521461,22048.585,36778623.0708414,1.00021842639753,4.1398122553227e-05,0.996840654715742,3.93469387755102e-05,0.19824,4.08163265306122e-10,0.19792,3.85838246409676e-10,0.157908,8.78723292175518e-07,22040.12,1037.11,3051.72133333333,11143.626389899,0.999836271173208,0.1988,4e-06,5.51111111111112e-06,0.00283812121212121,0,14109.8440653061,15560.265077551,3733.18270306121,1.23541357404997e-05,5.30489832252789e-05,5.5614693877551e-05,6.23608163265307e-05,0.00016428932244898
304,50,12511.3697959184,24093.4,1024253.76811837,24084.836,9082374.38471151,24093.2686,40359890.3377006,1.00030001465463,2.51937440639384e-05,0.998452811625703,2.30204081632653e-05,0.1988,0,0.19856,2.57160997732427e-10,0.158312,5.5625726995721e-07,24095.24,930.662,2501.85333333333,13485.9363090909,1.00100399347001,0.1988,0,4.26666666666667e-06,0.00273202101010101,0,12380.5371428571,12181.8174530612,2985.65623269389,9.07798173963639e-06,4.64033412711038e-05,2.30204081632653e-05,2.33534693877551e-05,0.000149193730612245
305,50,9588.16163265306,25838.372,2632146.04375918,25840.38,5262655.25829055,25833.2308,22540028.0222797,0.999979661406694,1.92396038005924e-05,0.999143468024818,0.000114285714285714,0.19552,3.68326530612246e-10,0.1948,8.09021919879065e-10,0.153588,6.93317760705634e-07,25839.04,1089.146,2129.01822222222,12012.9053454545,0.999733635997394,0.196,4.8e-06,1.03111111111111e-05,0.00255967434343434,0,10109.2457306122,10072.04,1940.34493812245,9.45827835893266e-06,3.15013423688762e-05,0.000129071020408163,0.000132734693877551,0.000271763934693878
306,50,9372.29224489796,27394.568,1622995.90360816,27390.258,6781037.21777319,27372.488,30677334.1583361,1.00030507047659,1.78380317258299e-05,1.00005322903343,6.02448979591838e-05,0.196,5.64244897959186e-10,0.19556,9.96724615772237e-10,0.152944,8.85314941274214e-07,27400.44,1136.308,2407.21577777778,10923.7218343434,1.00081221734158,0.1964,4.80000000000001e-06,7.55555555555556e-06,0.00283121616161616,0,8680.34181224491,8765.67881224491,2146.09228571428,8.62158013634816e-06,2.42979754229048e-05,6.13877551020409e-05,6.68228571428573e-05,0.000282886595918367
307,0,0,0,0,0,0,949.4142,27137138862.5625,0,0,0,0,0,0,0,0,0.183202,4.58201989508926e-05,0,0,0,2269016.60236566,0,0,0,0,0.0814378753535354,0,0,0,2511.1105064898,0,0,0,0,0.000227949587755102
308,0,0,0,0,0,0,3678.9628,84505546968.5858,0,0,0,0,0,0,0,0,0.288128,4.09865292779547e-05,0,0,0,10704665.7371192,0,0,0,0,0.0826110553535354,0,0,0,13534.5759879184,0,0,0,0,0.000272970220408163
309,11.26,96407.2653061225,2505.612,80096845.384898,2861.234,644981878.110603,8347.1742,398602044424.831,0.791865663186912,0.00156933090576283,0.163064008785957,0.0198697551020408,0.59576,0.000101945793510204,0.53934,0.000101434714628874,0.281056,2.47421465593557e-05,2216.6,51605.14,187242.101111111,11004030.2117879,0.629519323081366,0.6858,0.0107994,0.0128480666666667,0.019384002020202,1.46163265306122,89659.9647510204,89081.0573918367,23271.981004449,0.00104281451033368,0.000488919992436586,0.0111372473469388,0.00442745346938776,0.000228737616326531
310,27.04,57339.0204081633,8063.372,51263972.5023714,8348.016,323931116.017184,12721.3938,245771557039.139,0.944988883234312,7.05515516694305e-05,0.461779498729795,0.00104489795918367,0.31396,3.86749428571429e-07,0.31898,1.64966746787604e-07,0.213838,7.31802230773162e-07,7833.2,32981.526,119842.060888889,7389294.66546869,0.884048769417392,0.3,0.0004734,0.000357311111111111,0.00487537595959596,3.46775510204082,60986.8947102041,60218.2458612245,14681.4909260816,3.09806993447339e-05,0.000227197081497586,0.00027142693877551,0.000115081224489796,6.18240367346939e-05
311,35.54,70002.4081632653,12939.648,38488577.8598735,13182.968,416421702.552431,16575.1394,143998918019.361,0.970839504485248,4.829420954e-05,0.644458658517289,0.00105391836734694,0.21884,3.01020408163265e-07,0.22558,1.91780362307886e-07,0.191898,3.12622278610679e-07,12748.8,23346.582,87629.7666666667,4441679.79343232,0.936295441942109,0.2154,0.000404,0.000536911111111111,0.00255721111111111,2.45755102040816,71875.2025469388,68807.992832653,11312.3706833061,1.31450491413553e-05,0.000202731314822864,0.000518218775510204,0.000243105714285714,3.03046897959184e-05
312,41.58,100172.948571429,17743.444,15672992.6303061,17878.54,131788403.780445,20247.1226,117484312041.099,0.988905144255902,2.69731811321275e-05,0.798522996546014,0.000931591836734694,0.20188,2.66622448979592e-08,0.1947,9.0138255983875e-08,0.177412,2.38848731319628e-07,17644.52,6800.87,28416.2351111111,1714927.84249495,0.973000082051828,0.2052,0.000129,0.000349088888888889,0.00159882464646465,1.4730612244898,105691.647820408,106085.08244898,20750.1631624898,1.02160055385805e-05,0.000231066883453407,0.000837617959183673,0.000704826530612245,5.66794448979592e-05
313,50,31395.5248979592,23111.308,452313.506106122,23121.448,2064873.50988158,23423.659,508836992.331306,0.999514560353389,1.88563099729037e-05,0.959744343796035,0,0.2,0,0.2,0,0.183416,2.62059986781857e-07,23105.84,746.796,1748.84888888889,63230.4975212121,0.998422918399358,0.2,0,0,0.0015256,0,30284.3105469388,25956.8115265307,3792.26344183673,7.28278512178961e-06,6.5377439236737e-05,0,0,2.22723918367347e-05
314,50,8123.62816326531,25379.908,470338.486677551,25375.92,4389369.07289776,25451.5116,40779976.5353918,1.00003246388667,2.33872067509737e-05,0.982224624801887,0,0.2,0,0.2,0,0.179272,3.3199322757986e-07,25379.38,781.516,2100.43066666667,14134.8990707071,1.00033662283412,0.2,0,0,0.00178840404040404,0,6866.50483265305,6164.36530612242,1660.23814840816,6.43928690323668e-06,3.10696946574892e-05,0,0,4.58673632653061e-05
315,50,9292.20448979592,27056.732,1554164.34907755,27055.816,3137693.000749,27086.5734,13885413.368629,1.00008260027095,1.45520369104649e-05,0.991750581162811,0,0.2,0,0.2,0,0.1781,3.16617257798184e-07,27055.14,933.552,1809.15688888889,9383.81586868687,0.999864086122743,0.2,0,0,0.00176731878787879,0,9182.04344489795,9104.51116734695,1510.15398208163,6.77823134417585e-06,3.27717072081127e-05,0,0,3.71677551020408e-05
316,0,0,0,0,0,0,799.6086,16384491528.7341,0,0,0,0,0,0,0,0,0.163408,3.61753841242689e-05,0,0,0,2012383.40789697,0,0,0,0,0.0793264383838384,0,0,0,1497.42978371429,0,0,0,0,0.000129644424489796
317,0,0,0,0,0,0,2559.208,127559821226.619,0,0,0,0,0,0,0,0,0.224014,4.5965159506668e-05,0,0,0,10109503.6461616,0,0,0,0,0.0844561452525253,0,0,0,9537.48840408163,0,0,0,0,0.000246902044897959
318,0,0,0,0,0,0,5290.0196,253933762834.322,0,0,0,0,0,0,0,0,0.290666,2.69820019141796e-05,0,0,0,21836996.7132242,0,0,0,0,0.0836409602020202,0,0,0,12268.6840039184,0,0,0,0,0.000185332493877551
319,0.02,50,15.776,7504256.35977143,151.606,2819750880.68785,8554.6124,1078315473181.2,0.00350877192982456,4.834238786258e-05,5.87924040214004e-05,0.02,0.164,0.0144857142857143,0.4667,0.00683817739799899,0.354728,2.41452808754215e-05,1,1294.132,51861.9908888889,27779573.4183434,0.000983284169124877,0.02,0.102,0.211330244444444,0.0724324185858586,0.02,909.800228571429,14286.5662897959,30374.5473533061,0.000615574022776239,1.72827338530779e-07,0.0566367346938776,0.058709887755102,0.00032803226122449
320,11.52,84906.7857142857,3765.26,249980886.310404,4253.482,3310531381.82403,12124.2392,861045132119.017,0.815634228134243,0.000633492710578746,0.171354393657649,0.0192052653061225,0.53404,0.000129002736367347,0.50636,7.01793736538171e-05,0.277698,9.97020595932531e-06,3383.5,90516.302,353707.057111111,22895688.7876404,0.655910571037053,0.6222,0.0094906,0.00779382222222222,0.0162082236363636,1.68326530612245,79638.7579591837,83477.4962,28826.2210401633,0.000397783422931034,0.000210917801463218,0.00638081469387755,0.00192848,0.000102958567346939
