run,villages-point-mean,population-point-var,population-stability-mean-5-mean,population-stability-var-5-var,population-stability-mean-10-mean,population-stability-var-10-var,population-stability-mean-100-mean,population-stability-var-100-var,population-trend-5-mean,population-trend-10-var,population-trend-100-mean,matrilocal-point-var,matrilocal-stability-mean-5-mean,matrilocal-stability-var-5-var,matrilocal-stability-mean-10-mean,matrilocal-stability-var-10-var,matrilocal-stability-mean-100-mean,matrilocal-stability-var-100-var,population-point-mean,population-stability-var-5-mean,population-stability-var-10-mean,population-stability-var-100-mean,population-trend-10-mean,matrilocal-point-mean,matrilocal-stability-var-5-mean,matrilocal-stability-var-10-mean,matrilocal-stability-var-100-mean,villages-point-var,population-stability-mean-5-var,population-stability-mean-10-var,population-stability-mean-100-var,population-trend-5-var,population-trend-100-var,matrilocal-stability-mean-5-var,matrilocal-stability-mean-10-var,matrilocal-stability-mean-100-var
5201,4.8,5890.40040816327,159.096,649550.174322449,212.538,6043124.90493228,1268.587,1580300804.61299,0.589625369147986,0.0210433295165953,0.05223174360281,0.0368547346938776,0.87432,0.000127321888530612,0.8449,0.000488607497770219,0.330664,0.000422880167769932,123.26,1039.942,4615.10288888889,457910.719339394,0.366642536274019,0.9006,0.0053918,0.0127581111111111,0.0617292428282828,6.89795918367347,6872.16039183674,7703.39995510204,4273.16151530612,0.0238517255513043,0.00106933695198095,0.0338725485714286,0.0208456020408163,0.00121237622857143
5202,14.3,14121.3228571429,574.808,354807.56264898,630.412,3001254.82847549,1575.3308,1446698268.65485,0.845544535304788,0.00497542684349198,0.208741562431671,0.0333549387755102,0.55676,2.11561959183673e-05,0.51672,6.65709263471907e-05,0.23634,0.00012267126741901,528.94,1413.102,4765.344,356230.4028,0.717150022487951,0.5896,0.004852,0.00850093333333333,0.0196273074747475,6.54081632653061,13450.0832,12512.9925061224,4528.38142791837,0.00210075202466723,0.00208936916151663,0.0264337779591837,0.0183987771428571,0.000729071428571429
5203,0,0,0,0,0,0,0,0,0,0,0,0,0,0,0,0,0,0,0,0,0,0,0,0,0,0,0,0,0,0,0,0,0,0,0,0
5204,0,0,0,0,0,0,1.2258,4831.81886764158,0,0,0,0,0,0,0,0,0.031434,0.00015243038210516,0,0,0,62.9276909090909,0,0,0,0,0.0254322123232323,0,0,0,0.933061591836735,0,0,0,0,0.000220728004081633
5205,0,0,0,0,0,0,29.9982,11089350.4482139,0,0,0,0,0,0,0,0,0.095904,0.000229849802655113,0,0,0,8881.54680606061,0,0,0,0,0.0587453672727273,0,0,0,59.6282232244898,0,0,0,0,0.000335295085714286
5206,0,0,0,0,0,0,113.7878,294875590.043795,0,0,0,0,0,0,0,0,0.131836,0.000199620733860797,0,0,0,69565.1755575758,0,0,0,0,0.0726881713131313,0,0,0,381.892009346939,0,0,0,0,0.00034157092244898
5207,0,0,0,0,0,0,223.7202,472797766.697578,0,0,0,0,0,0,0,0,0.150068,9.78346061720489e-05,0,0,0,187606.96389697,0,0,0,0,0.0750576824242424,0,0,0,391.749034653061,0,0,0,0,0.000227356914285714
5208,0,0,0,0,0,0,318.291,703385939.724851,0,0,0,0,0,0,0,0,0.166576,8.557069597241e-05,0,0,0,306070.417820202,0,0,0,0,0.0799369195959596,0,0,0,456.09783367347,0,0,0,0,0.000212128391836735
5209,0,0,0,0,0,0,407.318,1040729688.98295,0,0,0,0,0,0,0,0,0.180408,9.49508048262374e-05,0,0,0,429670.394,0,0,0,0,0.0830401119191919,0,0,0,692.387771428571,0,0,0,0,0.000211594628571429
5210,0,0,0,0,0,0,503.2612,1365761748.54507,0,0,0,0,0,0,0,0,0.189998,8.81412550237448e-05,0,0,0,557812.407365657,0,0,0,0,0.0813475206060606,0,0,0,783.675186285714,0,0,0,0,0.000256463873469388
5211,0,0,0,0,0,0,599.269,1624304527.72573,0,0,0,0,0,0,0,0,0.207904,0.000111118697610404,0,0,0,684535.199222222,0,0,0,0,0.0853437187878788,0,0,0,1099.95694795918,0,0,0,0,0.00037347467755102
5212,0,0,0,0,0,0,8e-04,0.000512,0,0,0,0,0,0,0,0,2e-04,2e-06,0,0,0,0.0032,0,0,0,0,2e-04,0,0,0,3.2e-05,0,0,0,0,2e-06
5213,0,0,0,0,0,0,1.2414,13314.2800989679,0,0,0,0,0,0,0,0,0.035394,0.000205040358480457,0,0,0,64.2349272727273,0,0,0,0,0.028964676969697,0,0,0,1.30545718367347,0,0,0,0,0.000322504657142857
5214,0,0,0,0,0,0,24.5218,8133461.18461958,0,0,0,0,0,0,0,0,0.087632,0.000192178831868454,0,0,0,6926.0912949495,0,0,0,0,0.0555032941414141,0,0,0,48.930962,0,0,0,0,0.000278664669387755
5215,0,0,0,0,0,0,100.6416,213286645.300175,0,0,0,0,0,0,0,0,0.118504,0.000136582457473603,0,0,0,62526.5429292929,0,0,0,0,0.0660682072727273,0,0,0,241.805356571429,0,0,0,0,0.000173629371428571
5216,0,0,0,0,0,0,182.841,439787503.022676,0,0,0,0,0,0,0,0,0.137192,6.96107685363558e-05,0,0,0,155794.366923232,0,0,0,0,0.0734258339393939,0,0,0,348.529454081633,0,0,0,0,0.000169611771428571
5217,0,0,0,0,0,0,257.5396,396440992.587643,0,0,0,0,0,0,0,0,0.149618,4.03983502544201e-05,0,0,0,258975.622012121,0,0,0,0,0.077821121010101,0,0,0,231.920244734694,0,0,0,0,0.000115269669387755
5218,0,0,0,0,0,0,318.1034,1214803632.95413,0,0,0,0,0,0,0,0,0.15854,8.53692277008635e-05,0,0,0,355106.990353535,0,0,0,0,0.0798174848484849,0,0,0,543.465978,0,0,0,0,0.000166651428571429
5219,0,0,0,0,0,0,380.0232,1016346190.21689,0,0,0,0,0,0,0,0,0.1661,7.03678168955844e-05,0,0,0,459362.371830303,0,0,0,0,0.081376235959596,0,0,0,557.658928326531,0,0,0,0,0.000181792244897959
5220,0,0,0,0,0,0,432.3524,1196066262.41758,0,0,0,0,0,0,0,0,0.168244,6.27826627743515e-05,0,0,0,549326.362230303,0,0,0,0,0.0791983773737374,0,0,0,616.393475755102,0,0,0,0,0.000208247820408163
