run,villages-point-mean,population-point-var,population-stability-mean-5-mean,population-stability-var-5-var,population-stability-mean-10-mean,population-stability-var-10-var,population-stability-mean-100-mean,population-stability-var-100-var,population-trend-5-mean,population-trend-10-var,population-trend-100-mean,matrilocal-point-var,matrilocal-stability-mean-5-mean,matrilocal-stability-var-5-var,matrilocal-stability-mean-10-mean,matrilocal-stability-var-10-var,matrilocal-stability-mean-100-mean,matrilocal-stability-var-100-var,population-point-mean,population-stability-var-5-mean,population-stability-var-10-mean,population-stability-var-100-mean,population-trend-10-mean,matrilocal-point-mean,matrilocal-stability-var-5-mean,matrilocal-stability-var-10-mean,matrilocal-stability-var-100-mean,villages-point-var,population-stability-mean-5-var,population-stability-mean-10-var,population-stability-mean-100-var,population-trend-5-var,population-trend-100-var,matrilocal-stability-mean-5-var,matrilocal-stability-mean-10-var,matrilocal-stability-mean-100-var
1321,0,0,0,0,0,0,413.095,1332656213.26749,0,0,0,0,0,0,0,0,0.186808,9.1472258429534e-05,0,0,0,418809.463379798,0,0,0,0,0.0822009381818182,0,0,0,872.895131632653,0,0,0,0,0.000322573812244898
1322,0,0,0,0,0,0,508.7776,1935341554.48171,0,0,0,0,0,0,0,0,0.204264,0.000111730480915854,0,0,0,542142.724856566,0,0,0,0,0.0861286537373738,0,0,0,1167.54747983673,0,0,0,0,0.000309072555102041
1323,0,0,0,0,0,0,590.6704,2631742506.91605,0,0,0,0,0,0,0,0,0.215508,9.18888179104296e-05,0,0,0,648789.712505051,0,0,0,0,0.0866487175757576,0,0,0,1799.61794269388,0,0,0,0,0.00022688932244898
1324,0,0,0,0,0,0,0,0,0,0,0,0,0,0,0,0,0,0,0,0,0,0,0,0,0,0,0,0,0,0,0,0,0,0,0,0
1325,0,0,0,0,0,0,1.041,5461.1529184107,0,0,0,0,0,0,0,0,0.030574,0.000227227960353601,0,0,0,48.9822646464647,0,0,0,0,0.0244958733333333,0,0,0,1.1217112244898,0,0,0,0,0.000378220330612245
1326,0,0,0,0,0,0,23.5022,9264405.52993408,0,0,0,0,0,0,0,0,0.089738,0.000177224896391468,0,0,0,6164.98161010101,0,0,0,0,0.0554853319191919,0,0,0,56.9279603673469,0,0,0,0,0.000305257914285714
1327,0,0,0,0,0,0,91.099,165686280.786348,0,0,0,0,0,0,0,0,0.121772,0.000119998387395792,0,0,0,52108.2701353535,0,0,0,0,0.0660259086868687,0,0,0,229.295270408163,0,0,0,0,0.000227928995918367
1328,0,0,0,0,0,0,179.9202,639487456.660405,0,0,0,0,0,0,0,0,0.145284,7.06649961109848e-05,0,0,0,145542.445387879,0,0,0,0,0.0765211066666667,0,0,0,463.725406081633,0,0,0,0,0.000185820146938776
1329,0,0,0,0,0,0,250.4758,1020496822.90389,0,0,0,0,0,0,0,0,0.153046,4.34007229470791e-05,0,0,0,240675.169686869,0,0,0,0,0.0778882183838384,0,0,0,532.647984040816,0,0,0,0,0.000127230289795918
1330,0,0,0,0,0,0,316.476,1350252502.20703,0,0,0,0,0,0,0,0,0.159154,3.47251452094838e-05,0,0,0,340193.138969697,0,0,0,0,0.078185382020202,0,0,0,593.36473877551,0,0,0,0,0.000107036820408163
1331,0,0,0,0,0,0,371.461,1554547330.35779,0,0,0,0,0,0,0,0,0.167856,4.17699188426697e-05,0,0,0,431870.862224242,0,0,0,0,0.0814101325252525,0,0,0,692.000078571429,0,0,0,0,0.000127767412244898
1332,0,0,0,0,0,0,431.4764,1572713509.78927,0,0,0,0,0,0,0,0,0.168948,6.21371895871194e-05,0,0,0,532432.734884849,0,0,0,0,0.0789120658585859,0,0,0,562.072966367347,0,0,0,0,0.000161375608163265
1333,41.22,11842.9289795918,1149.856,24665.9193510204,1172.506,231428.244526128,1645.4092,468093227.782641,0.967985583801175,0.000542067445812713,0.504104141852135,0,0,0,0,0,0,0,1131.36,247.794,851.294,106794.340375758,0.931755079271725,0,0,0,0,7.93020408163265,11497.2572081633,11039.1442489796,5684.74528914286,0.000171684572410764,0.00198638724976269,0,0,0
1334,49.96,11598.5126530612,4310.072,110556.502546939,4311.634,909353.145605896,4392.7028,36641640.6565165,0.999691144915143,0.000241973358014879,0.947360886635348,0,0,0,0,0,0,0,4309.76,195.052,595.655777777778,8736.61756363637,0.998761568812469,0,0,0,0,0.0391836734693878,10668.0338938775,9731.45086122449,7371.20028995919,6.48437802898135e-05,0.000669495917794565,0,0,0
1335,50,10910.4412244898,6663.368,67399.7563632653,6668.002,959016.975752532,6658.1292,18309135.2681413,0.998740099475391,0.000122906584481596,0.999888489574647,0,0,0,0,0,0,0,6659.26,238.542,756.826888888889,6013.67204444444,0.997762128050353,0,0,0,0,0,11170.0805877551,10996.2753020408,3675.08896261224,2.94709977126156e-05,0.000574804441248794,0,0,0
1336,50,10041.9771428571,8410.628,296647.13157551,8410.954,2145189.62118866,8403.567,13534514.5179244,1.00040668786657,0.000121940961085945,1.00150313682749,0,0,0,0,0,0,0,8412.32,440.384,1198.482,6970.45958989899,1.00015995813525,0,0,0,0,0,9896.16164897959,9461.6470244898,1569.85848673469,3.68959810081265e-05,0.000205315551091653,0,0,0
1337,50,11026.4183673469,9807.844,259634.408979592,9812.892,1309853.67404102,9822.4108,10604109.2173468,0.999335731335903,9.73058516272092e-05,0.996848987424218,0,0,0,0,0,0,0,9804.5,381.16,1262.57422222222,6298.84823030303,0.99821034114164,0,0,0,0,0,10417.2119020408,9026.77095510206,2568.13948506123,2.34434861685264e-05,0.000210903484443844,0,0,0
1338,50,6919.60204081633,11016.304,172053.543526531,11020.776,2836307.48823059,11014.0478,5580645.39792644,0.999301384003078,6.4315124107518e-05,0.99978850785906,0,0,0,0,0,0,0,11011.9,397.688,1158.53155555556,6364.38748484849,0.998651939311112,0,0,0,0,0,6672.39712653061,5632.71777959186,1547.4386787347,1.89694245030472e-05,0.000120009590131776,0,0,0
1339,50,7832.67306122449,12012.76,172901.344897959,12019.766,2771869.8368188,12035.1686,17542770.9284628,0.999748319368188,5.54287742016188e-05,0.996165270618608,0,0,0,0,0,0,0,12012.02,426.34,1404.53133333333,6074.38884646465,0.998100776320823,0,0,0,0,0,7357.16571428573,5567.89902448981,1581.19838371428,1.67698445063895e-05,8.52503934241853e-05,0,0,0
1340,50,8201.22448979592,12873.392,172351.142077551,12879.464,3127963.29195263,12886.8178,5471654.06281264,1.00003412555588,4.56242863690158e-05,0.999454278873912,0,0,0,0,0,0,0,12874.8,427.042,1236.72222222222,5544.18586464646,0.998737901589202,0,0,0,0,0,7735.76809795918,6988.90888163266,1425.92387465306,1.42920655101113e-05,0.000103858254859497,0,0,0
