run,villages-point-mean,population-point-var,population-stability-mean-5-mean,population-stability-var-5-var,population-stability-mean-10-mean,population-stability-var-10-var,population-stability-mean-100-mean,population-stability-var-100-var,population-trend-5-mean,population-trend-10-var,population-trend-100-mean,matrilocal-point-var,matrilocal-stability-mean-5-mean,matrilocal-stability-var-5-var,matrilocal-stability-mean-10-mean,matrilocal-stability-var-10-var,matrilocal-stability-mean-100-mean,matrilocal-stability-var-100-var,population-point-mean,population-stability-var-5-mean,population-stability-var-10-mean,population-stability-var-100-mean,population-trend-10-mean,matrilocal-point-mean,matrilocal-stability-var-5-mean,matrilocal-stability-var-10-mean,matrilocal-stability-var-100-mean,villages-point-var,population-stability-mean-5-var,population-stability-mean-10-var,population-stability-mean-100-var,population-trend-5-var,population-trend-100-var,matrilocal-stability-mean-5-var,matrilocal-stability-mean-10-var,matrilocal-stability-mean-100-var
2721,0,0,0,0,0,0,22.885,12789944.0980071,0,0,0,0,0,0,0,0,0.08417,0.000213712852298642,0,0,0,6416.48065252525,0,0,0,0,0.053255055959596,0,0,0,69.4717642857143,0,0,0,0,0.000340781326530612
2722,0,0,0,0,0,0,87.1498,121336089.606829,0,0,0,0,0,0,0,0,0.121228,0.000122731504840368,0,0,0,50117.166220202,0,0,0,0,0.0686529802020202,0,0,0,159.938369346939,0,0,0,0,0.000235348587755102
2723,0,0,0,0,0,0,164.6726,499063401.373506,0,0,0,0,0,0,0,0,0.136522,0.000124468810351258,0,0,0,136282.442725253,0,0,0,0,0.0747168365656566,0,0,0,343.846440040816,0,0,0,0,0.000214587057142857
2724,0,0,0,0,0,0,228.7364,706861402.586813,0,0,0,0,0,0,0,0,0.144526,5.18524694664143e-05,0,0,0,226310.352993939,0,0,0,0,0.0765093549494949,0,0,0,370.989235755102,0,0,0,0,0.000117463187755102
2725,0,0,0,0,0,0,288.9564,885868208.930971,0,0,0,0,0,0,0,0,0.14973,5.5085873867951e-05,0,0,0,322382.183131313,0,0,0,0,0.0772234874747475,0,0,0,361.437550040816,0,0,0,0,0.000128463775510204
2726,0,0,0,0,0,0,334.0756,1398224593.53856,0,0,0,0,0,0,0,0,0.155838,4.48753909692656e-05,0,0,0,403283.707167677,0,0,0,0,0.0791201117171717,0,0,0,547.113253714286,0,0,0,0,0.000141048118367347
2727,0,0,0,0,0,0,375.4778,1217554988.7261,0,0,0,0,0,0,0,0,0.162266,4.35488665158433e-05,0,0,0,479324.447282828,0,0,0,0,0.0809161985858586,0,0,0,452.542752204082,0,0,0,0,0.000107437391836735
2728,0,0,0,0,0,0,0,0,0,0,0,0,0,0,0,0,0,0,0,0,0,0,0,0,0,0,0,0,0,0,0,0,0,0,0,0
2729,0,0,0,0,0,0,0.895,2422.29505873045,0,0,0,0,0,0,0,0,0.029984,0.000120730793637578,0,0,0,36.9972181818182,0,0,0,0,0.0246954860606061,0,0,0,0.628498979591837,0,0,0,0,0.000191580146938776
2730,0,0,0,0,0,0,19.8336,5026385.82724499,0,0,0,0,0,0,0,0,0.083988,0.000157938898611744,0,0,0,4895.44355555556,0,0,0,0,0.0538862056565657,0,0,0,38.9032561632653,0,0,0,0,0.000311339036734694
2731,0,0,0,0,0,0,84.5258,141714870.457945,0,0,0,0,0,0,0,0,0.117422,0.000145722954987065,0,0,0,49187.3311535354,0,0,0,0,0.0665838377777778,0,0,0,177.188461591837,0,0,0,0,0.000292627057142857
2732,0,0,0,0,0,0,154.3566,390725557.601041,0,0,0,0,0,0,0,0,0.131088,6.56294566283401e-05,0,0,0,127621.969117172,0,0,0,0,0.0724465260606061,0,0,0,283.406949428571,0,0,0,0,0.000125546383673469
2733,0,0,0,0,0,0,212.4888,426996219.054946,0,0,0,0,0,0,0,0,0.139964,6.1801445506256e-05,0,0,0,211470.663406061,0,0,0,0,0.0757267074747475,0,0,0,221.663574040816,0,0,0,0,0.000159794187755102
2734,0,0,0,0,0,0,260.1974,872161768.738961,0,0,0,0,0,0,0,0,0.142434,8.27882882291245e-05,0,0,0,292046.135177778,0,0,0,0,0.0755535157575758,0,0,0,391.555721673469,0,0,0,0,0.000193545963265306
2735,0,0,0,0,0,0,298.4962,1244296836.97983,0,0,0,0,0,0,0,0,0.147328,6.14474127686253e-05,0,0,0,363041.214854545,0,0,0,0,0.0774428117171717,0,0,0,470.52824444898,0,0,0,0,0.000160608995918367
2736,0,0,0,0,0,0,345.9302,1254906493.9858,0,0,0,0,0,0,0,0,0.150874,3.5124366411609e-05,0,0,0,454475.895634344,0,0,0,0,0.0771340701010101,0,0,0,398.092908122449,0,0,0,0,0.000114251759183673
2737,40.32,10352.7448979592,1147.26,32466.0926081633,1171.112,374009.735386042,1643.516,350446928.789489,0.967070562375893,0.000524653613685223,0.499407269803012,0,0,0,0,0,0,0,1127.9,267.862,949.976,107642.566690909,0.928941333706153,0,0,0,0,6.26285714285714,10350.8395918367,10339.7316897959,6581.63746938775,0.000153936356506804,0.00167598472863583,0,0,0
2738,50,15300.9473469388,4355.416,23970.3465673469,4361.766,96578.2876858151,4429.6506,43223477.6013554,0.99814732042152,0.000131313051316489,0.952572840245908,0,0,0,0,0,0,0,4352.46,125.642,399.883333333333,7864.08322626263,0.995751472833897,0,0,0,0,0,15264.785044898,14488.5512693877,5164.19318942856,3.28205053072692e-05,0.000843769364031189,0,0,0
2739,50,11472.3269387755,6671.68,71820.2555142857,6670.48,1364942.9183097,6666.8688,13810217.6624773,1.00016918362118,0.000110098889713903,1.00188808656845,0,0,0,0,0,0,0,6671.86,219.714,741.486222222222,5529.4312969697,1.00050842294488,0,0,0,0,0,11370.2024489796,10035.893877551,3687.66061485715,2.7526510620061e-05,0.000390432795750599,0,0,0
2740,50,7229.39795918367,8397.552,98506.7832489796,8397.992,658513.914459864,8412.4866,26635004.348759,1.00019636757297,7.23120365318717e-05,0.998514285045691,0,0,0,0,0,0,0,8398.5,273.196,793.169333333333,6233.31320606061,0.99977438254666,0,0,0,0,0,6297.85560816328,5799.41585306121,3021.25647595919,2.14790936206909e-05,0.000206597398622556,0,0,0
