run,villages-point-mean,population-point-var,population-stability-mean-5-mean,population-stability-var-5-var,population-stability-mean-10-mean,population-stability-var-10-var,population-stability-mean-100-mean,population-stability-var-100-var,population-trend-5-mean,population-trend-10-var,population-trend-100-mean,matrilocal-point-var,matrilocal-stability-mean-5-mean,matrilocal-stability-var-5-var,matrilocal-stability-mean-10-mean,matrilocal-stability-var-10-var,matrilocal-stability-mean-100-mean,matrilocal-stability-var-100-var,population-point-mean,population-stability-var-5-mean,population-stability-var-10-mean,population-stability-var-100-mean,population-trend-10-mean,matrilocal-point-mean,matrilocal-stability-var-5-mean,matrilocal-stability-var-10-mean,matrilocal-stability-var-100-mean,villages-point-var,population-stability-mean-5-var,population-stability-mean-10-var,population-stability-mean-100-var,population-trend-5-var,population-trend-100-var,matrilocal-stability-mean-5-var,matrilocal-stability-mean-10-var,matrilocal-stability-mean-100-var
2841,0,0,0,0,0,0,201.214,705679346.484365,0,0,0,0,0,0,0,0,0.135682,4.83494245781921e-05,0,0,0,197929.503987879,0,0,0,0,0.0742962567676768,0,0,0,384.213934693878,0,0,0,0,0.000109143546938776
2842,0,0,0,0,0,0,247.4722,964447362.741697,0,0,0,0,0,0,0,0,0.139022,4.04748822091224e-05,0,0,0,274175.242676768,0,0,0,0,0.0744624337373737,0,0,0,406.455690979592,0,0,0,0,9.20144040816327e-05
2843,0,0,0,0,0,0,284.2986,1084520618.0481,0,0,0,0,0,0,0,0,0.144486,3.04967466715652e-05,0,0,0,348441.974365657,0,0,0,0,0.0774150494949495,0,0,0,404.078791877551,0,0,0,0,9.62824530612245e-05
2844,0,0,0,0,0,0,323.107,1315453147.69955,0,0,0,0,0,0,0,0,0.146482,2.9657187196471e-05,0,0,0,423493.71389697,0,0,0,0,0.0767477157575758,0,0,0,450.603666326531,0,0,0,0,9.46990571428571e-05
2845,40.48,10589.0595918367,1152.04,36400.2733918367,1176.09,337206.233173343,1648.1766,445746738.261049,0.965150795509707,0.000491984948631041,0.503569818103939,0,0,0,0,0,0,0,1132.04,292.174,945.763333333333,105428.978567677,0.928401438249334,0,0,0,0,6.09142857142857,10312.0440816327,10047.2682653061,7271.44186779592,0.000147517743112717,0.00166733559111443,0,0,0
2846,50,9440.12897959184,4329.976,42181.2485755102,4333.308,357480.63858584,4404.2618,59163708.9040414,0.998810523876114,0.000194231045531791,0.949951808334307,0,0,0,0,0,0,0,4327.44,153.714,520.553777777778,9292.84774343434,0.997671389949385,0,0,0,0,0,10106.4696163265,10515.8762612245,6425.63428036734,4.63413672654412e-05,0.000619674648611264,0,0,0
2847,50,9815.20653061224,6667.36,90904.304555102,6663.958,664117.836257244,6681.6094,24902295.2212267,1.00046541455591,0.000109264732100436,0.998143742665121,0,0,0,0,0,0,0,6668.24,240.056,676.958888888889,5695.67261212121,1.00131040104439,0,0,0,0,0,10421.0465306122,10476.8869755102,3064.10178126531,3.05010260605642e-05,0.000387441615718897,0,0,0
2848,50,8770.30857142857,8403.4,230530.933163265,8399.86,1107017.36816609,8405.9342,15694611.2049788,1.0001244009965,0.000100932641606473,1.0004244138997,0,0,0,0,0,0,0,8402.76,341.21,1012.736,6585.09932323232,1.00119846188182,0,0,0,0,0,7991.30612244898,6990.80612244897,2453.27585751021,2.83192309664632e-05,0.000238843449876137,0,0,0
2849,50,9017.99551020408,9838.588,139269.746322449,9841.586,1786224.70811897,9836.5466,21002306.4714355,0.999593347440573,7.71397383701641e-05,0.998942874561595,0,0,0,0,0,0,0,9836.38,314.702,1120.91711111111,6594.55804242424,0.99892972473399,0,0,0,0,0,8474.39250612244,7553.1522489796,1316.10098616326,1.76041462555539e-05,0.000198499964365076,0,0,0
2850,50,5463.6506122449,11039.172,272308.130208163,11036.1,2092228.5161675,11012.7828,7100866.54120891,1.00053747389336,6.92377185179185e-05,1.00084290768799,0,0,0,0,0,0,0,11041.32,433.314,1342.47022222222,5681.17043232323,1.00092742046339,0,0,0,0,0,5190.41144489796,4587.51714285715,1318.72662873469,1.97974953356533e-05,6.87886041272355e-05,0,0,0
2851,50,9540.76897959184,12017.132,318985.856342857,12019.902,6238317.62550814,12026.0638,10029117.1511643,0.99974192727663,7.55886533376204e-05,0.998372099288366,0,0,0,0,0,0,0,12015.92,489.772,1596.538,6090.78127878788,0.999180903737156,0,0,0,0,0,8298.48262857143,6120.46142448978,1288.09700363266,1.98390540421302e-05,0.00012452193704844,0,0,0
2852,50,9124.08163265306,12874.752,837953.488587755,12873.064,4465817.0959871,12890.4552,7873578.12241051,1.00073121835322,6.6491123545488e-05,0.999078497833524,0,0,0,0,0,0,0,12879.6,556.072,1727.868,5967.34134141414,1.00051029006249,0,0,0,0,0,8207.4376489796,6772.25990204083,722.075984653061,1.89472659093105e-05,8.93728905737358e-05,0,0,0
2853,50,2890.33673469388,13645.624,401171.376689796,13648.384,1333842.85172809,13662.1562,5227160.30867979,1.00005054508954,3.78503852091974e-05,0.99902657506571,0,0,0,0,0,0,0,13647.9,461.438,1138.71866666667,5566.52164646465,0.999670842589758,0,0,0,0,0,3066.85328979591,3785.86300408164,814.28384853061,1.44235497468039e-05,5.13969822310918e-05,0,0,0
2854,0,0,0,0,0,0,323.208,1633505457.76841,0,0,0,0,0,0,0,0,0.153988,0.000107536898562009,0,0,0,377993.378327273,0,0,0,0,0.0754366537373737,0,0,0,680.715297959184,0,0,0,0,0.000262865975510204
2855,0,0,0,0,0,0,1391.5852,10866983695.054,0,0,0,0,0,0,0,0,0.250064,6.58068804226224e-05,0,0,0,2370810.96519596,0,0,0,0,0.0866108383838384,0,0,0,2657.7089764898,0,0,0,0,0.000325169289795918
2856,0.76,1712.73306122449,81.888,12958573.9546939,210.694,232540859.976667,3443.668,38672313361.3657,0.123853529492196,0.00380343895166948,0.00434300346982193,0.253469387755102,0.74224,0.0174746120085306,0.84902,0.00985626026199496,0.35179,9.7784009554763e-05,28.96,3314.18,28405.8295555556,3997396.7463798,0.0469066715605788,0.46,0.1228742,0.0972902444444444,0.075345617979798,1.08408163265306,5043.64434285714,11376.3854734694,9036.7294489796,0.025488695770743,3.82318133458683e-05,0.090672267755102,0.0242298159183674,0.000299524591836735
2857,20.24,18143.973877551,3003.824,5967962.27233061,3148.836,40142347.5729371,5772.557,26038137887.5238,0.925352880898799,0.000200661296195695,0.345614000396945,0.00461326530612245,0.303,7.34928391836735e-06,0.2821,9.42688512421265e-06,0.190292,1.51285604477611e-06,2887.16,8678.754,31410.5128888889,2677214.05956566,0.845677534981255,0.321,0.0031724,0.00406802222222222,0.00547104121212121,0.798367346938776,17286.0712489796,17155.2280653061,6200.88263367346,0.000115591620308931,0.000280194464330378,0.00272477551020408,0.00166466326530612,0.000105534628571429
2858,30.44,28521.9285714286,5526.616,4185868.42112653,5640.704,38614578.759193,7745.231,20847271893.054,0.967768397638303,0.000101014164904242,0.556043320960802,0.00266224489795918,0.19724,7.09288816326531e-07,0.18684,1.43691915545477e-06,0.149764,5.12836709572576e-07,5435.5,5324.136,19730.5991111111,1718519.91398182,0.92934606030545,0.201,0.0010864,0.00181235555555556,0.00285584484848485,0.822857142857143,28759.3548408163,29755.0175346939,12541.4632622449,3.48820334557268e-05,0.00025694884215525,0.00193190040816327,0.00127519836734694,7.29570448979592e-05
2859,39.66,35022.686122449,7957.508,2475424.72189388,8035.732,22721658.0780743,9534.8386,19480826861.4054,0.98369597805177,8.04653208806197e-05,0.719913986615564,0.00155204081632653,0.16912,6.94352040816326e-07,0.16242,4.01461581758629e-07,0.126512,2.4063402004277e-07,7892.26,3010.212,9819.012,906179.630018182,0.965452769375987,0.181,0.000783,0.000988422222222222,0.00203090262626263,0.677959183673469,33952.7268734694,31507.7442612245,11025.4347265714,2.5339742813924e-05,0.000376847208193029,0.00118533224489796,0.0010562893877551,7.48982204081633e-05
2860,46.4,75514.5587755102,10363.656,1234832.54482041,10427.032,17305409.3253886,11220.687,7837638121.83629,0.990906490318673,5.07986084034715e-05,0.86218844343726,0.000936367346938776,0.12928,1.31637714285714e-07,0.12914,2.4198846510456e-07,0.106624,1.70240092168854e-07,10316.82,1634.326,6627.37955555556,203849.683630303,0.978779679480856,0.1294,0.0004548,0.000674911111111111,0.00172195151515152,3.55102040816327,73815.2784326531,71550.5197714287,11280.686772449,1.29423196522126e-05,0.000553325717649703,0.000563715918367347,0.000286571836734694,7.63169632653061e-05
