run,villages-point-mean,population-point-var,population-stability-mean-5-mean,population-stability-var-5-var,population-stability-mean-10-mean,population-stability-var-10-var,population-stability-mean-100-mean,population-stability-var-100-var,population-trend-5-mean,population-trend-10-var,population-trend-100-mean,matrilocal-point-var,matrilocal-stability-mean-5-mean,matrilocal-stability-var-5-var,matrilocal-stability-mean-10-mean,matrilocal-stability-var-10-var,matrilocal-stability-mean-100-mean,matrilocal-stability-var-100-var,population-point-mean,population-stability-var-5-mean,population-stability-var-10-mean,population-stability-var-100-mean,population-trend-10-mean,matrilocal-point-mean,matrilocal-stability-var-5-mean,matrilocal-stability-var-10-mean,matrilocal-stability-var-100-mean,villages-point-var,population-stability-mean-5-var,population-stability-mean-10-var,population-stability-mean-100-var,population-trend-5-var,population-trend-100-var,matrilocal-stability-mean-5-var,matrilocal-stability-mean-10-var,matrilocal-stability-mean-100-var
2901,10.22,112174.877142857,1964.152,166751339.680882,2325.41,1050880995.74964,8089.4512,431298676458.829,0.720528717175174,0.00446897205885551,0.121316544797168,0.0257005714285714,0.75388,0.000163770557714286,0.64396,0.000342312726079113,0.27817,0.000100237155117615,1649.98,60447.856,193918.506,12293439.2475556,0.552043320963936,0.8412,0.0113112,0.0253069777777778,0.0295935537373737,0.542448979591837,95106.4123428572,83490.1943877551,23363.6960597551,0.00389511641278827,0.000600128478367598,0.0200208016326531,0.0122886106122449,0.000223115204081633
2902,24.36,56245.7669387755,7435.68,51227667.9279551,7729.072,475821710.86827,12443.8688,277166200229.087,0.941942154681173,8.49833531402131e-05,0.424434222444557,0.00422432653061224,0.26812,1.85052424489796e-06,0.28076,2.47848364827412e-06,0.180912,7.97750263081693e-07,7214.22,31336.598,127241.560888889,8440451.91807677,0.872588014211971,0.2496,0.0015032,0.001722,0.00513694787878788,3.33714285714286,61386.1910204082,63874.7163428572,17344.2900924081,3.19772976914446e-05,0.000204040131390688,0.00199092408163265,0.000704512653061224,8.59080163265306e-05
2903,33.08,84224.8820408163,12282.324,39095067.4583837,12511.764,259288514.33922,16241.3014,223190443786.183,0.971457197497486,3.86355967473098e-05,0.61252257026432,0.00163775510204082,0.17944,6.15732408163265e-07,0.19016,3.856349186193e-07,0.148218,3.60715829049056e-07,12106.66,20443.572,78104.0386666667,5304775.43824444,0.93655908008254,0.181,0.0010432,0.0011544,0.00280562646464647,3.83020408163265,84084.8014530612,85639.3688816327,24690.5941796327,1.85479202156992e-05,0.000187369551505968,0.000898292244897959,0.000557769795918367,5.98717102040817e-05
2904,40.28,45088.4342857143,16951.904,16348837.1445551,17076.658,136372949.199975,19752.2162,120052506866.801,0.988819704507772,3.53993014119335e-05,0.762767684061925,0.00192412244897959,0.12736,5.29413265306122e-07,0.12752,7.31458072058453e-07,0.120906,2.04737722428532e-07,16857.12,6298.556,24418.638,2642513.19689495,0.974332692645758,0.1394,0.000849,0.00115853333333333,0.00191420424242424,0.28734693877551,50186.1489632653,54671.3988122449,26162.855644449,1.09078819943122e-05,0.000102991240426064,0.00136023510204082,0.000995479183673469,0.000104507106122449
2905,49.62,147902.051020408,22318.784,5443692.39356735,22373.376,35289321.8302492,23102.6742,14069064306.0853,0.996144261422682,3.15510748172121e-05,0.92548206920918,0.00134371428571429,0.11548,3.76680857142857e-07,0.11634,1.90473481985387e-07,0.097614,2.11034313293354e-07,22275.5,1948.348,6458.53377777778,231627.698062626,0.991525424339741,0.1146,0.0006326,0.000737444444444444,0.00164187939393939,0.362857142857143,136891.121371429,126815.443085715,15189.8283391429,8.87954674592423e-06,0.000300390051747465,0.000812540408163265,0.000907657551020408,9.50881673469388e-05
2906,50,13221.387755102,25235.228,467589.319351021,25231.096,7135285.66788612,25330.2912,68002180.3370279,1.00006618409475,2.02080246067672e-05,0.978564399601795,0.00163526530612245,0.08848,1.90108734693878e-07,0.09116,9.93259440665155e-08,0.085312,3.38737796983815e-07,25235.8,679.794,2046.18888888889,21566.8854383838,1.00029661353995,0.0888,0.0005088,0.000628711111111111,0.0015181204040404,0,13427.3436897959,12526.4905959184,3210.55654955103,5.58832520118565e-06,2.86041100307864e-05,0.00130392816326531,0.00109879020408163,0.000312860669387755
2907,50,10003.7506122449,26979.884,1765470.79413878,26979.894,7336221.97524943,27012.7818,23934050.1564216,1.00001478950102,1.95228331595671e-05,0.98788316309271,0.00237779591836735,0.09712,8.74605714285715e-08,0.0964,9.98556734693878e-08,0.08412,4.80138689532139e-07,26978.62,1017.912,2214.69888888889,11080.964179798,0.999944559798261,0.1024,0.0003408,0.000504355555555556,0.00166506828282828,0,8700.89484081631,7478.05894285714,1548.26168444898,7.34469515899453e-06,3.32752078853661e-05,0.00200557714285714,0.00182236734693878,0.000672865306122449
2908,0,0,0,0,0,0,807.4504,15621597135.4118,0,0,0,0,0,0,0,0,0.16577,4.01612414854273e-05,0,0,0,2013242.74250909,0,0,0,0,0.079636081010101,0,0,0,1268.12250595918,0,0,0,0,0.000128088673469388
2909,0,0,0,0,0,0,2574.2088,140579529084.261,0,0,0,0,0,0,0,0,0.227088,3.85707058401511e-05,0,0,0,10074747.0760242,0,0,0,0,0.0847181228282828,0,0,0,9457.37463118368,0,0,0,0,0.000137161893877551
2910,0,0,0,0,0,0,5257.7668,179231068635.58,0,0,0,0,0,0,0,0,0.290458,4.48142228243799e-05,0,0,0,21826810.4880323,0,0,0,0,0.0834879165656566,0,0,0,14836.7972099592,0,0,0,0,0.000365931465306123
2911,0.06,418.938775510204,22.448,15916762.5684122,169.044,3956765100.22801,8545.8552,1015920717087.77,0.0175505899044206,0.000293726344667592,0.000272113231136517,0.0575510204081633,0.212,0.0167387755102041,0.52428,0.00505964503154649,0.346504,3.56107793799706e-05,4.6,1403.866,57921.0591111111,27603414.9019394,0.0038358261124284,0.06,0.086,0.2194892,0.0732514711111111,0.0575510204081633,2249.54540408163,19312.7519020408,26751.2144009796,0.00539912334389543,1.46614699772985e-06,0.100261224489796,0.0513948995918367,0.000333001616326531
2912,12.5,119675.677142857,3851.644,329851994.416935,4314.642,4208068899.67478,12091.4998,1403630999626.09,0.826743175494282,0.000886182957555497,0.177158331914741,0.0245234693877551,0.523,5.92488555510204e-05,0.49874,3.25097964368859e-05,0.257832,1.73193934464273e-05,3486.42,83075.602,320089.666444444,22562632.1324828,0.673422961654472,0.589,0.0078066,0.00684308888888889,0.0159550290909091,2.45918367346939,110927.97924898,118975.442893878,31504.9461652653,0.000602475204433832,0.000309523546196919,0.0083074693877551,0.00304880857142857,0.000116715281632653
2913,20.7,130829.01877551,8229.004,155619247.254322,8583.102,1279404491.72414,15278.9324,1262548112862.27,0.930038700597174,0.00022311479813201,0.360038485497274,0.0054645306122449,0.29456,1.20882630204082e-05,0.27564,1.80308215671454e-05,0.203912,1.35613675242735e-06,7929.04,55930.742,185916.185555556,17647245.1835596,0.861507623682696,0.3326,0.0038632,0.00458377777777778,0.00559116686868687,0.86734693877551,114747.675902041,106819.849587755,25780.4866390204,9.08000986844786e-05,0.000299465837826475,0.00402678204081633,0.00178080653061224,4.44092408163265e-05
2914,29.9,213399.918367347,12203.612,320189035.964167,12571.242,2349109587.04482,18233.9832,877355836228.621,0.948999326367703,0.000180881624854986,0.494796470984535,0.00101077551020408,0.28596,1.29188673469388e-06,0.2633,1.96890655631141e-06,0.179802,9.7032268689155e-07,11881.6,64724.046,202440.588666667,13011301.1564162,0.899039774416137,0.2988,0.000925,0.00192371111111111,0.00396078767676768,0.0918367346938776,195585.119036735,169000.964934694,40217.1494548572,6.13871182788655e-05,0.000365226486795651,0.000747835102040816,0.000977520408163265,5.48581591836735e-05
2915,33.74,152805.195510204,15853.9,135732111.161751,16134.636,1143297081.40053,21002.5908,786244603078.365,0.973104402562281,6.17164580755716e-05,0.607611951438622,0.00190922448979592,0.19392,5.85931591836735e-07,0.20392,4.7860066313933e-07,0.164686,2.32805002131186e-07,15639.78,30513.322,119309.309333333,9031436.01277172,0.93903788777023,0.1864,0.0009252,0.00103826666666667,0.00287500101010101,3.82897959183673,155575.910612245,163476.727657143,36832.0635830204,2.59439426090994e-05,0.000241190961554189,0.00113517714285714,0.000588360816326531,4.51534734693878e-05
2916,40,127115.824081633,19982.636,69703466.6815674,20160.704,604783925.565937,23691.1748,254287030128.16,0.985120459463575,5.94310726967774e-05,0.727870909991023,0.00195983673469388,0.18844,4.35914285714286e-07,0.17902,3.88204197026959e-07,0.143706,2.94028620227465e-07,19832.18,15107.592,49478.5715555556,5354060.84309899,0.968831969481096,0.1956,0.00075,0.00107357777777778,0.00221230565656566,0.0408163265306122,107633.728473469,93651.9163102041,42112.3563030205,1.78733497545781e-05,0.000174351396573933,0.00112363918367347,0.000785530204081633,4.57785346938776e-05
2917,0,0,0,0,0,0,0.0024,0.000743812547241119,0,0,0,0,0,0,0,0,0,0,0,0,0,0.00551111111111111,0,0,0,0,0,0,0,0,0.000141061224489796,0,0,0,0,0
2918,0,0,0,0,0,0,10.469,231822.40231499,0,0,0,0,0,0,0,0,0,0,0,0,0,494.332640404041,0,0,0,0,0,0,0,0,56.0654336734694,0,0,0,0,0
2919,6.34,3906.77551020408,77.604,702.972424489796,83.806,8936.20708435374,264.0198,45091090.8836639,0.711574318814186,0.0900179176653133,0.133138195583735,0,0,0,0,0,0,0,72.8,24.732,83.2735555555556,18253.4258929293,0.601134774226631,0,0,0,0,21.5759183673469,4164.34855510204,4398.92465714286,8795.50058567347,0.109533657693266,0.0119958512725375,0,0,0
2920,35.18,14123.7653061225,857.424,1492.20189387755,863.1,14344.9240888889,964.3422,11074532.8684966,0.99216535224502,0.000519444007985034,0.801177272808321,0,0,0,0,0,0,0,854.3,33.712,100.663111111111,4891.42397373737,0.977988935486772,0,0,0,0,18.4771428571429,14252.7292081633,14338.4706122449,11546.8524134286,0.000181160838368681,0.00545432628544134,0,0,0
