run,villages-point-mean,population-point-var,population-stability-mean-5-mean,population-stability-var-5-var,population-stability-mean-10-mean,population-stability-var-10-var,population-stability-mean-100-mean,population-stability-var-100-var,population-trend-5-mean,population-trend-10-var,population-trend-100-mean,matrilocal-point-var,matrilocal-stability-mean-5-mean,matrilocal-stability-var-5-var,matrilocal-stability-mean-10-mean,matrilocal-stability-var-10-var,matrilocal-stability-mean-100-mean,matrilocal-stability-var-100-var,population-point-mean,population-stability-var-5-mean,population-stability-var-10-mean,population-stability-var-100-mean,population-trend-10-mean,matrilocal-point-mean,matrilocal-stability-var-5-mean,matrilocal-stability-var-10-mean,matrilocal-stability-var-100-mean,villages-point-var,population-stability-mean-5-var,population-stability-mean-10-var,population-stability-mean-100-var,population-trend-5-var,population-trend-100-var,matrilocal-stability-mean-5-var,matrilocal-stability-mean-10-var,matrilocal-stability-mean-100-var
1341,50,5051.84693877551,13661.272,519005.903187755,13661.644,2298360.16443759,13656.1014,5225640.88890377,1.0000101009598,5.0029437758025e-05,1.00080834370461,0,0,0,0,0,0,0,13660.7,655.874,1481.27911111111,4971.87811919192,0.999653135793086,0,0,0,0,0,4567.46409795919,4150.18577959184,829.314061265304,2.07113998197454e-05,4.12723438122508e-05,0,0,0
1342,0,0,0.112,70.3298,0.414,316.126675182666,771.2504,1252118829.81564,0,0,0,0,0.008,0.0018,0.026,0.00284509952129,0.288878,0.000337589650804863,0,1.186,3.66466666666667,540119.487454546,0,0,0.006,0.0148888888888889,0.0726655476767677,0,0.6272,4.30653469387755,4490.95828555102,0,0,0.0032,0.0121673469387755,0.00168590705714286
1343,33.18,10097.7718367347,2780.672,381714.304146939,2831.92,2471097.83907564,3663.079,1651659118.63759,0.971504340792298,0.000165669000317555,0.605026758535397,0.00274677551020408,0.16524,5.79812244897959e-07,0.16688,3.95039850844041e-07,0.134594,4.02012633110116e-07,2740.94,1110.344,4010.74177777778,275408.79179596,0.937838198243191,0.1604,0.000892,0.00106453333333333,0.00234512828282828,1.98734693877551,9929.96858775511,9611.53673469388,5683.80293979592,6.6317817307175e-05,0.000541417569551383,0.00146871673469388,0.000978964897959184,8.91818e-05
1344,46.42,27804.0412244898,5866.128,299509.835004082,5890.464,1416414.94484374,6283.6622,622117973.892603,0.992998453843776,0.00010811034031168,0.875370961989484,0.00145567346938776,0.1142,1.02240040816327e-07,0.1142,4.42780984630889e-07,0.09249,3.3531997629184e-07,5844.86,448.436,1406.02755555556,57958.9865555556,0.98468961257882,0.1088,0.0003574,0.000620133333333333,0.00151319777777778,2.65673469387755,25680.0518530612,24132.6692897959,8296.2108175102,3.28862350517477e-05,0.000569085879559204,0.00124167346938776,0.000725959183673469,0.000169504183673469
1345,49.98,7470.57306122449,8173.084,92477.5882653061,8172.616,879978.285388965,8247.2824,24245731.3596204,1.00036748304711,8.49880699518736e-05,0.975531029880475,0.00140881632653061,0.07904,9.27536326530612e-08,0.07844,1.47566528596624e-07,0.066028,2.16258058799331e-07,8174.72,268.93,800.970222222222,7994.822,1.00018874073098,0.0756,0.0002888,0.000416266666666667,0.00117256,0.02,6806.18463673469,6913.60341224492,2863.08741861223,2.30064947662105e-05,0.000287396945389449,0.0011086106122449,0.000920537142857143,0.000294886546938776
1346,50,8177.43714285714,9716.128,96152.0696163265,9716.732,1659722.91064631,9730.8698,6571402.5990858,0.999771308093976,7.11954024977276e-05,0.990563240108766,0.00115004081632653,0.05536,3.69900408163265e-08,0.0582,1.29304034265558e-07,0.050688,3.18056796799327e-07,9716.46,284.924,983.292888888889,5772.02024848485,0.999852415310743,0.0536,0.0002024,0.000377511111111111,0.00102253252525253,0,7655.47389387754,6161.02507755102,1696.37347138775,1.61633210739188e-05,0.000145926091439188,0.00100137795918367,0.000938979591836735,0.000224999444897959
1347,50,9444.94734693878,10943.208,250418.587085714,10948.71,1722736.90153535,10953.4972,6903247.57991575,0.999033242846451,5.71337083920854e-05,0.994660937295588,0.00181632653061225,0.0504,5.71924897959184e-08,0.05156,8.48968384983623e-08,0.0431,1.60888406092006e-07,10938.46,446.816,1081.402,5807.06778181818,0.998469948147846,0.05,0.0001856,0.000300711111111111,0.000801584646464647,0,8929.70605714287,7931.47765306123,1206.14253893877,2.13731781792127e-05,0.000164665255918539,0.00140016326530612,0.00114910857142857,0.000226388979591837
1348,50,6757.65551020408,11986.5,127324.84357551,11982.552,635187.298959738,11973.9866,7468361.23917833,1.00024350005431,3.3332956854932e-05,0.999003865253484,0.00107444897959184,0.04496,6.07797551020408e-08,0.0456,4.99938523557571e-08,0.038948,1.68522432282254e-07,11986.76,375.736,782.108444444445,5440.79740808081,1.00079129597474,0.0452,0.0002072,0.000304,0.000770421818181818,0,6569.94,6244.12009795916,1053.03243514286,1.37607984601879e-05,9.13767188335954e-05,0.000870243265306123,0.000785959183673469,0.000183607853061225
1349,50,4001.87755102041,12864.332,311627.364995918,12867.5,1867192.12462101,12864.7536,7596249.96635579,0.999570001817242,4.56021289353482e-05,0.997918573959339,0.000996081632653061,0.04672,1.35712653061224e-08,0.0478,3.92765613504661e-08,0.039172,2.99559863220288e-07,12862.6,460.848,1197.64755555556,5458.01222222222,0.999458055913178,0.0428,0.0001096,0.000246844444444444,0.000777010909090909,0,3966.2442612245,3980.57877551019,920.838762285715,1.51713253005893e-05,4.88844609221453e-05,0.000834246530612245,0.000832040816326531,0.000257707771428571
1350,50,4033.84326530612,13642.268,232258.436020408,13638.706,924059.904380398,13619.5104,3561025.26910919,0.999956077255042,2.85347498714128e-05,1.00117350864666,0.00111020408163265,0.04312,3.10857142857143e-08,0.04232,4.14329775762157e-08,0.038804,2.03100875903958e-07,13641.44,428.07,1023.742,4668.75627474748,1.00080840100995,0.044,0.000152,0.000226311111111111,0.000739462626262626,0,4861.59609795918,5119.61608571428,571.27467330612,1.22771960104391e-05,4.26528009550729e-05,0.000853740408163265,0.000771160816326531,0.000260593453061225
1351,0,0,0,0,0,0,412.1412,2015684599.86249,0,0,0,0,0,0,0,0,0.185038,0.000107769364839635,0,0,0,441539.950181818,0,0,0,0,0.0800862260606061,0,0,0,1131.54630873469,0,0,0,0,0.000253300771428572
1352,0.78,1324.94734693878,46.088,445090.049795918,96.958,20460260.5391751,2217.206,10118392608.0517,0.19923257053243,0.0117534151656531,0.00542000029867547,0.253469387755102,0.62356,0.0134959588751429,0.74222,0.0103843235441073,0.363626,0.000224579198786893,24.54,604.2,5145.41355555556,1933411.0936404,0.0873557266569152,0.46,0.0816294,0.101118066666667,0.0742062757575758,0.950612244897959,2301.11046530612,4724.93473061225,9478.01802040816,0.0506450974753957,6.343068317178e-05,0.152369190204082,0.0697177669387755,0.000460550126530612
1353,27.14,20131.7244897959,3276.908,1922056.50292245,3375.902,18673185.4059099,5004.553,11476908618.6334,0.952001713481176,0.00023651412282044,0.482831163266244,0.0018550612244898,0.257,5.5080412244898e-07,0.25146,9.31049433610481e-07,0.17383,4.52251587041264e-07,3195.9,4174.556,14697.786,1045141.83007879,0.900114444749642,0.2598,0.0010214,0.00135317777777778,0.00343907050505051,1.67387755102041,19223.0517714286,17279.5765265306,4675.57082959183,7.38629917102002e-05,0.000453588682032864,0.00152477551020408,0.000962253469387755,8.42360204081633e-05
1354,39.18,18643.9983673469,6110.78,1385883.47154694,6169.832,8404648.87647186,7295.891,4539657255.8287,0.984769820950424,7.20217016298637e-05,0.725359360895918,0.00168751020408163,0.17284,3.01257142857143e-07,0.17384,3.76806099269337e-07,0.13673,3.6627869346564e-07,6064.04,1587.178,5558.04533333333,504099.410393939,0.966065504709785,0.1732,0.000726,0.000921911111111111,0.00205079373737374,0.803673469387755,18226.0624489796,16937.9744653061,8558.67186632653,2.89634479942837e-05,0.000252360852257129,0.00090728,0.000690545306122449,0.000113511530612245
1355,47.76,39086.8657142857,8824.7,408566.642142857,8858.74,4104254.2244003,9301.8774,1404400806.87934,0.994126498283856,5.4178115381697e-05,0.898307192773861,0.00114975510204082,0.1256,1.0289812244898e-07,0.12824,1.32349798941799e-07,0.115216,2.98291375809799e-07,8798.54,662.75,2312.25022222222,74631.0190808081,0.9864553208377,0.1282,0.0003772,0.000550711111111111,0.00176449373737374,1.28816326530612,37210.1408163265,34209.8808163265,5796.12640738777,1.80559765122167e-05,0.000448889018049012,0.000927020408163265,0.000723328979591837,0.000124841371428571
1356,50,5917.04857142857,10703.328,124846.128310204,10703.828,330485.797033812,10757.7634,40065601.2426909,0.999483169642623,3.14439805399664e-05,0.97436132350065,0.00177322448979592,0.11088,1.48326530612245e-07,0.11196,1.36233158982111e-07,0.105428,6.60263147575529e-07,10700.18,314.916,612.146222222222,9288.24255959596,0.999750913268239,0.1132,0.000284,0.000421422222222222,0.00175603636363636,0,5823.97511836734,5802.79879183675,1661.70335351021,1.38882927254132e-05,0.000129045504944608,0.00142696489795918,0.00151028408163265,0.000429694710204082
1357,50,5658.16326530612,11838.748,318789.423269388,11833.688,1750575.79328879,11847.1022,6656574.31981232,1.00069205534409,6.08313482322316e-05,0.989732083717267,0.00217142857142857,0.12048,5.04979591836735e-08,0.12016,7.05849211388259e-08,0.100204,6.53551739414512e-07,11841.8,476.486,1352.16177777778,5064.70925454546,1.00122335998877,0.124,0.000188,0.000292622222222222,0.00186344161616162,0,4681.19968979591,3890.12760816325,789.285707306119,1.83617940096034e-05,8.52029776827611e-05,0.00259241795918367,0.00260307591836735,0.000645419575510204
1358,50,4176.26775510204,12768.264,119712.344342857,12771.668,434510.412627866,12764.9146,5910696.57600134,1.00002283205791,2.5860563643311e-05,0.996090968812262,0.00193697959183673,0.09632,7.09877551020408e-08,0.09564,1.29194448979592e-07,0.086384,4.32362706549977e-07,12768.76,345.312,768.037777777778,5026.15755353535,0.999269133759307,0.0976,0.000224,0.000377866666666667,0.00141621171717172,0,3826.1966367347,3324.0324244898,671.458090653062,1.11039807620118e-05,4.20745737201453e-05,0.00175597714285714,0.00163276571428571,0.000580811167346939
1359,50,6189.68367346939,13554.452,574912.332881633,13557.944,1791153.91216206,13561.5418,4499532.42719904,0.999411692404218,3.80004186223737e-05,0.99459428880111,0.00243608163265306,0.1088,2.36989387755102e-08,0.10968,6.49411821617536e-08,0.09044,5.33053679603706e-07,13550.7,513.024,1117.236,4566.0740020202,0.999416384969585,0.1108,0.0001448,0.000301511111111111,0.00159931313131313,0,5462.24948571429,4267.48210612245,688.524276285715,1.5580589075496e-05,6.55384484508098e-05,0.00219297959183674,0.00178095673469388,0.000723761632653061
1360,0,0,0,0,0,0,323.7534,1628151095.67122,0,0,0,0,0,0,0,0,0.15656,0.000110817897221266,0,0,0,375296.774620202,0,0,0,0,0.0764997474747475,0,0,0,675.748280040816,0,0,0,0,0.000253812653061225
