run,villages-point-mean,population-point-var,population-stability-mean-5-mean,population-stability-var-5-var,population-stability-mean-10-mean,population-stability-var-10-var,population-stability-mean-100-mean,population-stability-var-100-var,population-trend-5-mean,population-trend-10-var,population-trend-100-mean,matrilocal-point-var,matrilocal-stability-mean-5-mean,matrilocal-stability-var-5-var,matrilocal-stability-mean-10-mean,matrilocal-stability-var-10-var,matrilocal-stability-mean-100-mean,matrilocal-stability-var-100-var,population-point-mean,population-stability-var-5-mean,population-stability-var-10-mean,population-stability-var-100-mean,population-trend-10-mean,matrilocal-point-mean,matrilocal-stability-var-5-mean,matrilocal-stability-var-10-mean,matrilocal-stability-var-100-mean,villages-point-var,population-stability-mean-5-var,population-stability-mean-10-var,population-stability-mean-100-var,population-trend-5-var,population-trend-100-var,matrilocal-stability-mean-5-var,matrilocal-stability-mean-10-var,matrilocal-stability-mean-100-var
5641,0,0,0,0,0,0,262.7028,906205525.022287,0,0,0,0,0,0,0,0,0.145428,5.65789803017911e-05,0,0,0,301318.582133333,0,0,0,0,0.0777110068686869,0,0,0,387.901387918367,0,0,0,0,0.000186979608163265
5642,0,0,0,0,0,0,298.4922,901135690.021414,0,0,0,0,0,0,0,0,0.14569,3.48890453233789e-05,0,0,0,366716.645222222,0,0,0,0,0.0762892846464647,0,0,0,378.112213428571,0,0,0,0,0.000104624591836735
5643,0,0,0,0,0,0,330.2892,931855996.669505,0,0,0,0,0,0,0,0,0.147448,3.8234151627321e-05,0,0,0,432809.04429495,0,0,0,0,0.0762962816161616,0,0,0,389.18215444898,0,0,0,0,0.000110131118367347
5644,0,0,0,0,0,0,0,0,0,0,0,0,0,0,0,0,0,0,0,0,0,0,0,0,0,0,0,0,0,0,0,0,0,0,0,0
5645,0,0,0,0,0,0,1.305,3796.17206104745,0,0,0,0,0,0,0,0,0.034866,0.00017060882226623,0,0,0,63.836098989899,0,0,0,0,0.0285339242424242,0,0,0,0.993711224489796,0,0,0,0,0.000281466371428571
5646,0,0,0,0,0,0,24.4378,7569219.36278185,0,0,0,0,0,0,0,0,0.083586,0.000187169398715051,0,0,0,7077.44514949495,0,0,0,0,0.0525956915151515,0,0,0,41.2737073061224,0,0,0,0,0.000344638779591837
5647,0,0,0,0,0,0,86.9278,162275493.19054,0,0,0,0,0,0,0,0,0.11929,0.000136207791883881,0,0,0,52040.5888464647,0,0,0,0,0.0691167387878788,0,0,0,220.351050163265,0,0,0,0,0.000247576020408163
5648,0,0,0,0,0,0,156.824,367044076.389464,0,0,0,0,0,0,0,0,0.129588,9.31487413005663e-05,0,0,0,131376.216080808,0,0,0,0,0.0708043240404041,0,0,0,263.221534693878,0,0,0,0,0.000187091281632653
5649,0,0,0,0,0,0,205.9906,529832705.298532,0,0,0,0,0,0,0,0,0.13586,5.97405500177533e-05,0,0,0,206823.149618182,0,0,0,0,0.0749363131313131,0,0,0,317.962030244898,0,0,0,0,0.00012448
5650,0,0,0,0,0,0,258.6936,751325771.678517,0,0,0,0,0,0,0,0,0.140878,7.38107906879956e-05,0,0,0,293523.914573737,0,0,0,0,0.0750795723232323,0,0,0,286.379480653061,0,0,0,0,0.000182727057142857
5651,0,0,0,0,0,0,290.6416,721522424.155014,0,0,0,0,0,0,0,0,0.147046,3.72871553469438e-05,0,0,0,355614.168242424,0,0,0,0,0.0777318034343434,0,0,0,327.274479020408,0,0,0,0,0.000123151514285714
5652,0,0,0,0,0,0,334.3518,1018469382.80671,0,0,0,0,0,0,0,0,0.152706,4.45190637050897e-05,0,0,0,436677.209262626,0,0,0,0,0.0782937905050505,0,0,0,386.633945673469,0,0,0,0,0.000178086697959184
5653,41.26,9857.3506122449,1191.628,21536.9977795918,1213.74,260563.37564001,1669.7038,316762742.286993,0.969041170610102,0.000445475975533766,0.518182604243529,0,0,0,0,0,0,0,1173.42,246.676,820.315111111111,99872.4372828283,0.935907591906192,0,0,0,0,5.46163265306122,9898.93552653061,9834.46612244898,8526.23301587755,0.000110622576693608,0.00116804761613778,0,0,0
5654,49.96,16371.8779591837,4312.448,74208.9406897959,4315.6,180248.300941094,4404.7206,73266709.8071404,0.999747269156397,0.000162607987694165,0.941938769940566,0,0,0,0,0,0,0,4312.86,155.182,439.926222222222,10349.9396666667,0.997799455005935,0,0,0,0,0.0391836734693878,17191.2384653061,17606.48,6884.13618942857,4.8175621410976e-05,0.00114742546698991,0,0,0
5655,50,8767.39755102041,6675.156,93384.5550571428,6672.176,923894.760513177,6645.0282,14485281.0769103,1.00013693247427,0.000119815805401096,1.00187923788423,0,0,0,0,0,0,0,6674.52,273.762,761.365777777778,6393.21673737374,1.00109034654413,0,0,0,0,0,8302.58169795918,8239.55900408164,3996.08044363265,3.50151136880372e-05,0.000463806043287475,0,0,0
5656,50,8159.83673469388,8389.34,118453.744310204,8391.514,977630.672963517,8409.052,12151200.6280271,1.0002868206354,8.09554245058506e-05,0.999145787460064,0,0,0,0,0,0,0,8390.2,297.024,805.318444444445,6560.31601616162,0.999429111638502,0,0,0,0,0,8666.82979591835,8723.91347346942,2583.42493877551,2.45032597760442e-05,0.000207675216100546,0,0,0
5657,50,7469.46489795918,9830.8,305975.694044898,9825.354,1267738.47357143,9820.6738,9621697.18104371,1.00068793210989,7.90890809275108e-05,1.00032262216048,0,0,0,0,0,0,0,9833.38,564.406,1166.84555555556,6190.42434141414,1.00179690636821,0,0,0,0,0,6615.01551020408,6040.63641224491,2219.75683220408,3.46875328175235e-05,0.000102108914953389,0,0,0
5658,50,10134.0310204082,11029.176,249781.995167347,11031.4,1053113.30394477,11016.0614,13573040.460055,0.99945893282618,5.57341184433915e-05,1.00275076029662,0,0,0,0,0,0,0,11026.36,429.556,995.423111111111,6734.4867979798,0.999556449578993,0,0,0,0,0,9330.9512489796,8819.16653061224,1345.43969391837,1.94949992731876e-05,0.000131254284754061,0,0,0
5659,50,6908.51795918367,12034.296,423659.11342449,12029.178,2773266.53072053,12023.3326,9256272.81411084,1.0003086883338,7.11950585586175e-05,1.00143829522467,0,0,0,0,0,0,0,12036.82,543.838,1506.64422222222,6505.75854343434,1.00170247688193,0,0,0,0,0,6855.38161632652,6559.04338367348,1490.98308085714,2.25076540134142e-05,9.89944143591495e-05,0,0,0
5660,50,6030.4412244898,12879.336,275004.873163265,12876.156,1095349.9753159,12892.8958,7342948.18804149,1.00038926233388,4.13843470927491e-05,1.00030867559254,0,0,0,0,0,0,0,12881.74,411.63,1176.51466666667,6035.46626868687,1.00070039167068,0,0,0,0,0,5975.07663673471,5496.17190204082,1313.09891465306,1.34380828472218e-05,6.21852727082763e-05,0,0,0
