run,villages-point-mean,population-point-var,population-stability-mean-5-mean,population-stability-var-5-var,population-stability-mean-10-mean,population-stability-var-10-var,population-stability-mean-100-mean,population-stability-var-100-var,population-trend-5-mean,population-trend-10-var,population-trend-100-mean,matrilocal-point-var,matrilocal-stability-mean-5-mean,matrilocal-stability-var-5-var,matrilocal-stability-mean-10-mean,matrilocal-stability-var-10-var,matrilocal-stability-mean-100-mean,matrilocal-stability-var-100-var,population-point-mean,population-stability-var-5-mean,population-stability-var-10-mean,population-stability-var-100-mean,population-trend-10-mean,matrilocal-point-mean,matrilocal-stability-var-5-mean,matrilocal-stability-var-10-mean,matrilocal-stability-var-100-mean,villages-point-var,population-stability-mean-5-var,population-stability-mean-10-var,population-stability-mean-100-var,population-trend-5-var,population-trend-100-var,matrilocal-stability-mean-5-var,matrilocal-stability-mean-10-var,matrilocal-stability-mean-100-var
141,0,0,0,0,0,0,0,0,0,0,0,0,0,0,0,0,0,0,0,0,0,0,0,0,0,0,0,0,0,0,0,0,0,0,0,0
142,0,0,0,0,0,0,0,0,0,0,0,0,0,0,0,0,0,0,0,0,0,0,0,0,0,0,0,0,0,0,0,0,0,0,0,0
143,0,0,0,0,0,0,0,0,0,0,0,0,0,0,0,0,0,0,0,0,0,0,0,0,0,0,0,0,0,0,0,0,0,0,0,0
144,0,0,0,0,0,0,0,0,0,0,0,0,0,0,0,0,0,0,0,0,0,0,0,0,0,0,0,0,0,0,0,0,0,0,0,0
145,0,0,0,0,0,0,0,0,0,0,0,0,0,0,0,0,0,0,0,0,0,0,0,0,0,0,0,0,0,0,0,0,0,0,0,0
146,49.5,13546.18,4286.252,19743.6957714286,4286.93,111497.645035072,4283.0848,7173504.06835961,0.999811255461834,0.000116111588320229,0.999729913777569,0,0,0,0,0,0,0,4286.06,122.912,304.394888888889,3797.39695353535,0.999372738826356,0,0,0,0,0.540816326530612,13560.8356081633,13482.3690816326,10448.7043111837,3.79329967550989e-05,0.00102473930649943,0,0,0
147,50,10251.6248979592,6648.736,48775.3444897959,6649.544,444483.256224943,6662.402,18458163.1653748,0.999565946705718,8.23342739041637e-05,0.998172990436729,0,0,0,0,0,0,0,6647.26,180.86,544.699111111111,6523.85065454546,0.99956532221799,0,0,0,0,0,10841.137044898,11480.4192489796,3060.40719183674,2.30103430359532e-05,0.000439708279409199,0,0,0
148,50,11150.5126530612,8402.144,93419.1766693878,8405.212,1215630.83489161,8400.7036,12740241.9852233,1.00038731845364,7.69932271040777e-05,0.999609845677783,0,0,0,0,0,0,0,8404.24,256.708,836.860888888889,7150.73850505051,0.999131114784616,0,0,0,0,0,11057.2212897959,10330.1227102041,2718.54186432653,2.07223305587484e-05,0.00026581456684628,0,0,0
149,50,8619.84040816327,9828.432,243921.134534694,9827.988,1594780.83180771,9825.9772,14548397.1603673,0.999711758997265,8.04688867735897e-05,0.999556483250703,0,0,0,0,0,0,0,9826.42,357.334,1111.78311111111,6426.75311515152,1.0000318738164,0,0,0,0,0,7724.36956734696,6376.91740408164,1353.57213893877,2.31118534508903e-05,0.000156414097967803,0,0,0
150,50,8850.25959183674,11023.724,247817.868163265,11018.398,2605459.08958131,11019.2514,8566942.80104308,1.00016504139368,6.88556702295937e-05,1.00281570451555,0,0,0,0,0,0,0,11024.16,402.62,1340.74377777778,5841.92937979798,1.00154255000396,0,0,0,0,0,7825.55900408161,7178.83489387753,1576.97072657143,1.85237799573733e-05,0.000141554425754594,0,0,0
151,50,8813.5612244898,12032.744,398720.380738776,12033.628,4703239.12302021,12025.6048,4158858.60313716,0.999340958847602,6.04297880825348e-05,1.00051335887349,0,0,0,0,0,0,0,12027.5,461.674,1337.98711111111,5506.82894949495,0.999575238369089,0,0,0,0,0,8327.10537142856,6614.38899591837,889.336282612238,1.79699776142138e-05,0.000139208196172874,0,0,0
152,50,4665.79591836735,12898.012,294988.811628572,12902.532,1229937.76519022,12906.0582,7965755.46923408,0.998657422344104,3.68135287955046e-05,0.997094386946831,0,0,0,0,0,0,0,12888.8,453.898,1005.17777777778,5585.33818787879,0.998572429688004,0,0,0,0,0,3883.27903673467,3229.84997551019,1382.38572118368,1.31057778137188e-05,5.54277257622752e-05,0,0,0
153,50,5364.70367346939,13671.336,540584.504832653,13667.872,1914892.36348783,13656.7006,6064909.72160473,1.00027055066819,4.45699539160919e-05,1.00151649400469,0,0,0,0,0,0,0,13672.52,516.908,1289.87155555556,5279.40304040404,1.00096508392487,0,0,0,0,0,4915.62520816327,3633.37062857142,512.561989428578,1.56591098588112e-05,8.13201633541382e-05,0,0,0
154,0,0,0,0,0,0,0,0,0,0,0,0,0,0,0,0,0,0,0,0,0,0,0,0,0,0,0,0,0,0,0,0,0,0,0,0
155,0,0,0,0,0,0,0,0,0,0,0,0,0,0,0,0,0,0,0,0,0,0,0,0,0,0,0,0,0,0,0,0,0,0,0,0
156,0,0,0,0,0,0,0,0,0,0,0,0,0,0,0,0,0,0,0,0,0,0,0,0,0,0,0,0,0,0,0,0,0,0,0,0
157,0,0,0,0,0,0,0,0,0,0,0,0,0,0,0,0,0,0,0,0,0,0,0,0,0,0,0,0,0,0,0,0,0,0,0,0
158,0,0,0,0,0,0,9.2444,132094810.862768,0,0,0,0,0,0,0,0,0.024216,0.00125784255443968,0,0,0,2008.16304242424,0,0,0,0,0.0088486303030303,0,0,0,2432.69597616326,0,0,0,0,0.0118483279020408
159,49.36,38184.3546938776,10595.276,120823.109893878,10590.306,942780.327234518,10601.633,3530675.41788262,1.00037912424002,5.18682511012864e-05,0.999039607554942,1.22857142857142e-05,0.2014,0,0.20124,2.03174603174604e-10,0.201182,4.74097262461764e-11,10596.18,287.448,898.053555555556,4263.02942828283,1.00115776028425,0.2014,0,2.66666666666667e-06,1.79050505050505e-06,0.684081632653061,37611.6259428572,36109.7022081633,29105.5138540816,1.45374917225668e-05,0.000145897127714108,1.22857142857142e-05,1.35330612244898e-05,1.04186489795918e-05
160,50,4466.49959183674,11859.688,74451.8122,11858.556,494451.925792089,11851.1702,4012620.14698058,1.00016457480076,2.79341100389299e-05,1.00031634422987,0,0.2,0,0.2,0,0.2,0,11860.48,298.162,737.840888888889,4426.82765858586,1.00069901402615,0.2,0,0,0,0,5064.07046530612,4901.12047346939,876.927602000012,1.14561919046032e-05,6.34181726496126e-05,0,0,0
