run,villages-point-mean,population-point-var,population-stability-mean-5-mean,population-stability-var-5-var,population-stability-mean-10-mean,population-stability-var-10-var,population-stability-mean-100-mean,population-stability-var-100-var,population-trend-5-mean,population-trend-10-var,population-trend-100-mean,matrilocal-point-var,matrilocal-stability-mean-5-mean,matrilocal-stability-var-5-var,matrilocal-stability-mean-10-mean,matrilocal-stability-var-10-var,matrilocal-stability-mean-100-mean,matrilocal-stability-var-100-var,population-point-mean,population-stability-var-5-mean,population-stability-var-10-mean,population-stability-var-100-mean,population-trend-10-mean,matrilocal-point-mean,matrilocal-stability-var-5-mean,matrilocal-stability-var-10-mean,matrilocal-stability-var-100-mean,villages-point-var,population-stability-mean-5-var,population-stability-mean-10-var,population-stability-mean-100-var,population-trend-5-var,population-trend-100-var,matrilocal-stability-mean-5-var,matrilocal-stability-mean-10-var,matrilocal-stability-mean-100-var
1541,0,0,0,0,0,0,0,0,0,0,0,0,0,0,0,0,0,0,0,0,0,0,0,0,0,0,0,0,0,0,0,0,0,0,0,0
1542,0,0,0,0,0,0,0,0,0,0,0,0,0,0,0,0,0,0,0,0,0,0,0,0,0,0,0,0,0,0,0,0,0,0,0,0
1543,0,0,0,0,0,0,0,0,0,0,0,0,0,0,0,0,0,0,0,0,0,0,0,0,0,0,0,0,0,0,0,0,0,0,0,0
1544,0,0,0,0,0,0,0,0,0,0,0,0,0,0,0,0,0,0,0,0,0,0,0,0,0,0,0,0,0,0,0,0,0,0,0,0
1545,0,0,0,0,0,0,0,0,0,0,0,0,0,0,0,0,0,0,0,0,0,0,0,0,0,0,0,0,0,0,0,0,0,0,0,0
1546,0,0,0,0,0,0,0,0,0,0,0,0,0,0,0,0,0,0,0,0,0,0,0,0,0,0,0,0,0,0,0,0,0,0,0,0
1547,0,0,0,0,0,0,0,0,0,0,0,0,0,0,0,0,0,0,0,0,0,0,0,0,0,0,0,0,0,0,0,0,0,0,0,0
1548,0,0,0,0,0,0,0,0,0,0,0,0,0,0,0,0,0,0,0,0,0,0,0,0,0,0,0,0,0,0,0,0,0,0,0,0
1549,0,0,0,0,0,0,0,0,0,0,0,0,0,0,0,0,0,0,0,0,0,0,0,0,0,0,0,0,0,0,0,0,0,0,0,0
1550,49.14,17828.6224489796,4249.632,30336.6862244898,4252.356,253940.890330058,4251.5492,14538140.4671203,0.999388575865155,0.000153775679172552,1.00213294928489,0,0,0,0,0,0,0,4248.1,129.95,412.462222222222,4773.83338181818,0.997518978902079,0,0,0,0,0.735102040816327,18027.8291591837,17653.8788408163,13762.5099299592,4.28549125309396e-05,0.00097896793262124,0,0,0
1551,50,11671.3179591837,6656.648,123253.265179592,6657.332,1632429.50379763,6647.6188,8908630.66773186,0.999166849971507,0.000130523243148604,0.999582639941962,0,0,0,0,0,0,0,6654.22,249.882,821.379111111111,5426.39981818182,0.999696349339964,0,0,0,0,0,10409.3086693878,8635.67813877552,4786.46374138775,3.28667129625991e-05,0.000353021363822528,0,0,0
1552,50,8700.90979591837,8410.86,70539.8490163265,8409.794,738531.118741497,8403.0942,13276622.4447299,1.00022047591614,7.16490504348429e-05,1.00098919703497,0,0,0,0,0,0,0,8411.22,211.542,829.241111111111,6281.37698787879,1.00063390908782,0,0,0,0,0,8962.93755102042,9062.65159591837,2427.56541669388,1.71756406932811e-05,0.000319505146162885,0,0,0
1553,50,7984.37755102041,9834.732,348802.740816327,9824.97,3286197.24134165,9823.3328,15081914.6894731,1.00147725883686,9.64741701224922e-05,0.999433996960761,0,0,0,0,0,0,0,9841.5,436.78,1381.11222222222,6381.2543030303,1.00337571595258,0,0,0,0,0,7561.59609795918,6857.11846938775,1800.97743281632,2.44182165892131e-05,0.000213912036196546,0,0,0
1554,50,9757.02040816327,11025.052,254074.731771429,11021.848,1979444.04797863,11011.9622,12257299.4975458,1.00051513452812,7.09992610472125e-05,0.999604130194213,0,0,0,0,0,0,0,11027,428.392,1277.276,6530.87402222222,1.00085311773925,0,0,0,0,0,9112.93030204082,8121.26581224493,1313.4488664898,2.07890313147821e-05,0.000134548525750884,0,0,0
1555,50,5355.97714285714,12032.728,269695.144167347,12035.648,1367064.51340771,12027.99,8822138.60586188,0.99903475760753,4.6743999578991e-05,0.999976735467485,0,0,0,0,0,0,0,12025.68,420.954,1046.29288888889,5862.28908686869,0.999088674410182,0,0,0,0,0,4278.55797551021,3478.88622040818,1208.73275918367,1.61320346013621e-05,7.74681955129665e-05,0,0,0
1556,50,6649.03020408163,12899.488,638596.615106123,12898.474,1667767.18400408,12900.6012,6084766.80944176,1.00040220317567,5.38723768112446e-05,1.00092919358774,0,0,0,0,0,0,0,12902.48,479.086,1347.026,4952.88524444444,1.00013701244985,0,0,0,0,0,5664.73168979593,4351.49584081633,861.740169959189,1.65824438405939e-05,8.5038849571194e-05,0,0,0
1557,50,6076.93102040816,13648.648,355538.763983674,13653.922,1671665.84302389,13655.1072,5792486.80391513,0.999578268246812,3.45044214724709e-05,0.999950388040586,0,0,0,0,0,0,0,13646.26,446.364,1136.29355555556,5184.31614545455,0.99882058271577,0,0,0,0,0,6344.87438367345,5266.30175102041,653.849718530608,1.27790668466555e-05,6.69760121636082e-05,0,0,0
1558,0,0,0,0,0,0,0,0,0,0,0,0,0,0,0,0,0,0,0,0,0,0,0,0,0,0,0,0,0,0,0,0,0,0,0,0
1559,0,0,0,0,0,0,0,0,0,0,0,0,0,0,0,0,0,0,0,0,0,0,0,0,0,0,0,0,0,0,0,0,0,0,0,0
1560,0,0,0,0,0,0,0,0,0,0,0,0,0,0,0,0,0,0,0,0,0,0,0,0,0,0,0,0,0,0,0,0,0,0,0,0
