run,villages-point-mean,population-point-var,population-stability-mean-5-mean,population-stability-var-5-var,population-stability-mean-10-mean,population-stability-var-10-var,population-stability-mean-100-mean,population-stability-var-100-var,population-trend-5-mean,population-trend-10-var,population-trend-100-mean,matrilocal-point-var,matrilocal-stability-mean-5-mean,matrilocal-stability-var-5-var,matrilocal-stability-mean-10-mean,matrilocal-stability-var-10-var,matrilocal-stability-mean-100-mean,matrilocal-stability-var-100-var,population-point-mean,population-stability-var-5-mean,population-stability-var-10-mean,population-stability-var-100-mean,population-trend-10-mean,matrilocal-point-mean,matrilocal-stability-var-5-mean,matrilocal-stability-var-10-mean,matrilocal-stability-var-100-mean,villages-point-var,population-stability-mean-5-var,population-stability-mean-10-var,population-stability-mean-100-var,population-trend-5-var,population-trend-100-var,matrilocal-stability-mean-5-var,matrilocal-stability-mean-10-var,matrilocal-stability-mean-100-var
6041,43.32,34064.5914285714,7482.824,566534115.494547,8056.15,5617305365.14126,9716.2636,2985622695.57814,0.911538417433993,0.000222026871556099,0.678829157160432,8.50612244897959e-05,0.21692,9.77697959183673e-09,0.20848,6.66796875787352e-09,0.020848,1.38527698233208e-08,7144.98,75225.888,473098.150888889,414634.770105051,0.779831691053929,0.2308,0.0001216,0.000142311111111111,0.00396496646464647,2.91591836734694,29535.7741061225,24589.452755102,12737.3025622857,0.000177020397962695,0.000305607021084396,3.35036734693878e-05,8.58122448979589e-06,8.58122448979592e-08
6042,47.74,41689.5526530612,11060.756,1018758497.83708,11765.834,7579589187.83822,13184.7964,2654708318.55954,0.938690776053112,0.000144970595764414,0.900894466927502,8.34285714285714e-05,0.20252,6.08265306122448e-09,0.20058,2.46529050138574e-09,0.020058,4.84123364875303e-09,10740.28,78555.592,740142.744222222,523974.095737374,0.810121119459806,0.2068,4.9e-05,4.53555555555555e-05,0.00366192141414141,1.99224489795918,25334.202922449,21816.7720857143,8494.38588473468,0.000154543966755032,0.000288154656370019,1.35199999999999e-05,3.51387755102041e-06,3.5138775510204e-08
6043,49.38,14719.4465306122,14009.992,571472224.915984,14857.016,5834227310.05627,16272.4218,10383858559.6391,0.946397783395625,3.91866111134765e-05,1.02734502219164,3.60816326530612e-05,0.19952,1.24934693877551e-09,0.19356,1.54832806248425e-07,0.019356,7.01974478505942e-09,13685.32,94742.756,1057972.368,1232777.93051111,0.824335205443984,0.1992,1.58e-05,0.000478088888888889,0.00345038262626263,0.730204081632653,11281.8317714285,12400.5964734694,7419.69824363267,4.12130233898608e-05,0.000108041797531275,3.19346938775511e-06,1.08636734693878e-05,1.08636734693878e-07
6044,49.74,11590.3873469388,16531.948,730093873.827025,17520.97,6284857806.75763,18978.3868,9271927014.30641,0.943250493478159,2.29013410470267e-05,1.09273530542547,1.73469387755102e-05,0.19956,5.89224489795921e-10,0.18822,5.69255240614765e-07,0.018822,8.0486826635766e-09,16128.98,151409.354,1411312.82955556,1835058.05683232,0.829401562805183,0.199,8.40000000000002e-06,0.00113211111111111,0.00332492828282828,0.237142857142857,10052.4470367347,10899.9862244898,3591.82992016325,2.32177849356067e-05,7.15868660302362e-05,1.51673469387755e-06,1.56444897959184e-05,1.56444897959184e-07
6045,49.94,8952.61877551021,18657.136,822588749.011057,19741.21,9278546478.49075,21313.5914,15520373831.7796,0.939600100963781,1.70034981657034e-05,1.12198412862834,1.56734693877551e-05,0.19984,2.50775510204083e-10,0.18388,5.63018440917108e-07,0.018388,1.50298999067567e-08,18160.56,218940.158,1667018.53933333,2238698.19773535,0.834942223700906,0.1992,3.20000000000001e-06,0.0015144,0.00321398545454546,0.0575510204081633,9982.30112653065,12819.3025510204,3893.08804902038,1.38579202156686e-05,5.38359356742638e-05,6.26938775510205e-07,2.81485714285714e-05,2.81485714285714e-07
6046,50,7374.58163265306,20544.484,848182402.103139,21699.284,10869586875.9766,23341.144,15250696785.8431,0.935800511271004,1.5846226505947e-05,1.13360654825232,0,0.2,0,0.18152,1.13333354295792e-06,0.018152,1.75192530448163e-08,19944.3,298408.418,1868220.91688889,2478562.25757576,0.839493657056544,0.2,0,0.00170382222222222,0.00315410747474748,0,7279.52177959184,9366.56137142856,2458.38965714285,9.05045164244661e-06,5.01066433586664e-05,0,4.27036734693877e-05,4.27036734693877e-07
6047,50,5550.91591836735,22230.78,891062479.926976,23407.282,9006532710.77136,25117.7632,9999760072.0242,0.934272343959708,1.03192744538662e-05,1.13408684689347,0,0.2,0,0.17768,8.03099992945326e-07,0.017768,1.49962860472796e-08,21556.32,363901.758,1929600.89355556,2478697.99837172,0.847024947451741,0.2,0,0.00191537777777778,0.0030469397979798,0,5909.80938775506,6137.14926122447,1931.30891608164,6.7153990213537e-06,3.23281050015843e-05,0,3.14057142857142e-05,3.14057142857143e-07
6048,50,5295.18530612245,23761.252,938187007.854286,24929.826,9995233013.4306,26697.5434,10208547920.1913,0.934023673481243,1.03183361275341e-05,1.1276036639291,0,0.2,0,0.17296,1.09966041622575e-06,0.017296,1.79407869874169e-08,23025.72,416950.86,1913221.45133333,2363932.70100404,0.855105684650334,0.2,0,0.00240995555555556,0.00294263595959596,0,5128.89438367346,5188.51992244901,1913.07767595918,5.67050476669533e-06,3.38905545906172e-05,0,4.47738775510204e-05,4.47738775510204e-07
6049,0,0,0,0,0.018,0.030427059712774,238.0682,51008161.049921,0,0,0,0,0,0,0,0,0,0,0,0,0.0322222222222222,74659.1396707071,0,0,0,0,0,0,0,0.0088530612244898,461.938851795919,0,0,0,0,0
6050,6.82,1039.03510204082,58.544,2087.50269795918,68.284,14837.6827319728,435.9494,78028790.3566783,0.69589074524623,0.041095014495202,0.0670062213701573,0,0,0,0,0,0,0,51.16,47.666,168.060444444444,83350.4606484849,0.529791803954338,0,0,0,0,12.4771428571429,1167.21965714286,1293.73973877551,1762.47142616327,0.0441660121484283,0.00176722270265709,0,0,0
6051,30.56,9649.30653061224,495.856,5952.97375102041,510.188,66178.0210160746,785.6508,75435081.3340041,0.95725840809533,0.00220970697692898,0.57708053216323,0,0,0,0,0,0,0,485.86,86.482,354.634666666667,36612.3311232323,0.899951216541095,0,0,0,0,25.2718367346939,9288.53231020408,8949.04230204082,4517.96392587755,0.000761282973134655,0.0102950770622342,0,0,0
6052,43.9,6758.01469387755,1103.2,1651.51698367347,1107.332,17950.3985991434,1189.9096,4814667.06737068,0.993426115389029,0.000399854421134721,1.18581938207429,0,0,0,0,0,0,0,1099.84,40.934,112.117777777778,7335.89266262626,0.98561013434521,0,0,0,0,6.66326530612245,6528.5518367347,6415.43650612245,3108.71029779592,0.000120180713811512,0.00525203787446726,0,0,0
6053,47.56,4668.9506122449,1567.624,8030.66945306123,1566.784,43724.9209364575,1540.0998,3376777.03158757,1.00037400785426,0.000377211733730419,1.55244875870686,0,0,0,0,0,0,0,1567.78,55.844,138.089777777778,10404.7357717172,1.00225591828143,0,0,0,0,2.45551020408163,4607.90961632653,4502.75973877551,2940.1181897551,0.000125064363023105,0.0027370201953396,0,0,0
6054,48.18,5360.04081632653,1892.844,3734.9738122449,1893.634,63631.4030265054,1818.7132,9243982.03772855,1.00016884676373,0.00046016671824543,1.75191587572567,0,0,0,0,0,0,0,1893.4,73.192,233.396222222222,22554.979979798,0.999949839779314,0,0,0,0,2.10979591836735,5293.30822857143,4887.76269795918,3969.4860875102,0.000113856299733496,0.00150968254235225,0,0,0
6055,48.68,4009.90857142857,2142.864,4523.95992244898,2146.292,24685.5927566642,2061.2008,13442063.0907944,0.997574506589862,0.000204230898922644,1.84597585527024,0,0,0,0,0,0,0,2140.36,54.674,165.936,34675.4826020202,0.994322219246521,0,0,0,0,1.4465306122449,3903.62684081633,4115.12687346938,3377.85337077551,5.76995438455613e-05,0.00120241042290505,0,0,0
6056,49.14,2157.41387755102,2370.064,3377.96371020408,2369.568,23688.4310655581,2281.9894,13538419.9543056,1.00100682385078,0.000188118763400795,1.9179091649337,0,0,0,0,0,0,0,2370.88,56.042,167.544888888889,44914.3282242424,1.00085802067223,0,0,0,0,0.490204081632653,1989.31663673469,1908.54589387755,1444.93055677551,5.5834708295347e-05,0.000729891672169929,0,0,0
6057,49.64,1799.58408163265,2576.088,8207.00890204082,2573.238,19959.6235084404,2479.7114,10416885.5257809,1.0009465386366,0.000136382933639519,1.95675992953883,0,0,0,0,0,0,0,2577.26,76.974,155.847777777778,52904.4064585859,1.00310333665777,0,0,0,0,0.398367346938776,1853.32760816327,1790.5534244898,1391.85930208163,6.47059971702981e-05,0.000462854097343388,0,0,0
6058,0,0,0,0,0,0,236.3788,49467050.4645763,0,0,0,0,0,0,0,0,0,0,0,0,0,72763.4957656566,0,0,0,0,0,0,0,0,508.510716897959,0,0,0,0,0
6059,0.06,5.51877551020408,1.64,1258.1743877551,12.74,290780.945628622,431.281,79377469.0398534,0.0217488708220416,0.000503051832760523,0.000719053976730879,0.0575510204081633,0.11436,0.00886941921044898,0.3223,0.00286264369136861,0.03223,0.00014151924058745,0.54,12.11,444.402222222222,88294.0265393939,0.00534870158828171,0.06,0.0463024,0.153643933333333,0.0258852175757576,0.0575510204081633,18.8391836734694,152.73306122449,1443.57241326531,0.00763385587233574,9.88242237325645e-06,0.0560737453061225,0.0277716020408163,0.000277716020408163
6060,3.84,1090.36734693878,101.08,3050556.86622449,206.822,26039077.9976069,735.528,76737050.9604139,0.239921263650864,0.00389963169537314,0.0525631641081938,0.0605755102040816,0.66684,0.00129746197914286,0.54442,0.000570210858467624,0.054442,8.25079573809382e-05,44.2,2784.79,17062.7731111111,64568.2988969697,0.0986996516582092,0.75,0.0241962,0.0330364222222222,0.0304799856565657,6.17795918367347,2120.35265306122,3213.28011836735,2843.9446,0.0160974764425149,0.00149942254465419,0.0146390351020408,0.00596967714285714,5.96967714285714e-05
