run,villages-point-mean,population-point-var,population-stability-mean-5-mean,population-stability-var-5-var,population-stability-mean-10-mean,population-stability-var-10-var,population-stability-mean-100-mean,population-stability-var-100-var,population-trend-5-mean,population-trend-10-var,population-trend-100-mean,matrilocal-point-var,matrilocal-stability-mean-5-mean,matrilocal-stability-var-5-var,matrilocal-stability-mean-10-mean,matrilocal-stability-var-10-var,matrilocal-stability-mean-100-mean,matrilocal-stability-var-100-var,population-point-mean,population-stability-var-5-mean,population-stability-var-10-mean,population-stability-var-100-mean,population-trend-10-mean,matrilocal-point-mean,matrilocal-stability-var-5-mean,matrilocal-stability-var-10-mean,matrilocal-stability-var-100-mean,villages-point-var,population-stability-mean-5-var,population-stability-mean-10-var,population-stability-mean-100-var,population-trend-5-var,population-trend-100-var,matrilocal-stability-mean-5-var,matrilocal-stability-mean-10-var,matrilocal-stability-mean-100-var
2781,50,10593.2248979592,27450.836,1099941.95007755,27450.35,15194965.4692114,26955.0366,10140778205.534,0.999956569547487,3.10032883905298e-05,1.34499288688686,0,0,0,0,0,0,0,27451.86,1045.982,3484.254,1885238.75847475,1.00011830296163,0,0,0,0,0,8340.81582040817,6755.43561224494,1270.29139840816,8.10702887353648e-06,7.76586429333521e-05,0,0,0
2782,49.28,14241.3228571429,4596.972,2893193.15301633,4720.128,20106890.3392701,6221.352,17419670074.8837,0.957565218160456,6.82811851055966e-05,0.492286767958905,0.000692897959183674,0.1452,2.75160653061224e-07,0.1132,1.66527760141093e-06,0.01132,1.97261372804524e-07,4495.94,6302.538,22639.3715555556,1437928.19261414,0.909365637760573,0.1564,0.0005584,0.00236177777777778,0.00141303434343434,0.532244897959184,14797.9396081633,15188.9604244898,7700.29123265305,3.10944749763499e-05,0.000172400449519633,0.000563102040816326,0.000374857142857143,3.74857142857143e-06
2783,50,14363.8432653061,9422.636,820437.539853061,9477.322,12533185.5153956,9859.7996,822119025.419565,0.992895649611666,5.47316018650281e-05,0.893643806539083,0.000836734693877551,0.05072,7.61005714285714e-08,0.04144,1.53541950113379e-07,0.004144,2.81004364985664e-08,9388.56,999.312,5432.59666666667,77096.9472363636,0.978203757573508,0.05,0.0003112,0.000620444444444445,0.000239676767676768,0,15052.5692897959,15020.1523632653,5617.40783248979,1.7180309550899e-05,0.000141629158355576,0.000614817959183674,0.000304822857142857,3.04822857142857e-06
2784,50,16142.0179591837,13613.708,489858.691983674,13645.24,8489802.29022605,13383.3708,2526418445.22617,0.998791700374387,4.05780994885187e-05,1.14241101949273,0.000729632653061224,0.03952,1.15775346938776e-07,0.03264,1.37344870748299e-07,0.003264,1.96221928914376e-08,13605.68,548.284,2983.16844444444,246600.861680808,0.991002690006781,0.0436,0.0003304,0.0004544,0.000161949090909091,0,18431.3342204081,18669.3334693877,7395.87820751021,1.47770954356433e-05,0.000128942829279171,0.000481071020408163,0.000267010612244898,2.67010612244898e-06
2785,50,18117.3159183673,16991.68,669929.404183674,17019.178,19413294.1295956,16496.527,9992623161.7305,0.999270446511638,5.60876696473331e-05,1.27477214215858,0.000816326530612245,0.02336,1.82416326530612e-07,0.02,9.53889926933736e-08,0.002,9.63873282468053e-09,16985.52,727.85,3850.68111111111,936435.527056566,0.993219567359561,0.028,0.000276,0.0003264,8.61672727272727e-05,0,18293.3975510204,19408.0625673469,6164.66804591836,1.42449022600953e-05,0.000131811957981856,0.000393377959183673,0.000225959183673469,2.25959183673469e-06
2786,50,18844.6514285714,19741.552,2069707.94785714,19759.728,11873982.6201695,19201.738,15539253417.8493,1.00063251778345,4.12176478824927e-05,1.33782042931495,0.000457142857142857,0.02336,2.74285714285714e-08,0.02,4.92054703955656e-08,0.002,5.45995088781028e-09,19748.04,854.63,3246.23466666667,1487934.87332525,0.995925370303522,0.024,0.000184,0.000282488888888889,7.63135353535354e-05,0,18568.7421387755,18676.8355265306,4412.08853469388,1.28543422777433e-05,0.000156591073621901,0.000295418775510204,0.000160163265306122,1.60163265306122e-06
2787,50,16295.5269387755,22068.396,3181595.42571429,22086.606,33870195.1719672,21543.0544,13468080522.3049,1.00050280218245,5.04258172327906e-05,1.36466026148525,0.000497795918367347,0.02144,3.10471836734694e-08,0.0174,8.14490299823633e-08,0.00174,5.65279642851937e-09,22075.94,1394.88,4419.43755555556,1857439.18900202,0.996507769320232,0.0204,0.0001576,0.000236888888888889,6.21535353535354e-05,0,14814.0889632653,15847.7030244898,3237.97217208164,1.70276837965135e-05,9.71045141017156e-05,0.000306782040816327,0.000146979591836735,1.46979591836735e-06
2788,50,9608.75469387755,24067.928,1756172.32607755,24088.31,19006872.5521063,23577.8086,11390464953.808,1.00071693653553,3.93334501088764e-05,1.36852142748024,0.00032065306122449,0.01808,3.41296326530612e-08,0.01404,2.21413958175863e-08,0.001404,1.6360097366158e-09,24079.98,1260.938,4467.30022222222,1999158.9791899,0.996661503382898,0.0176,0.0001736,0.00018,4.24363636363636e-05,0,11015.0494040817,12479.0854081633,3106.16915106121,1.2057100065989e-05,4.38267215016714e-05,0.000167993469387755,9.15085714285714e-05,9.15085714285714e-07
2789,50,14657.8240816327,25848.56,2922406.96186122,25850.836,16955410.7526825,25373.462,12273491181.7004,1.00148437325206,2.89947363357764e-05,1.36099307670234,0.000323918367346939,0.01688,2.6368e-08,0.01316,2.08344671201814e-08,0.001316,1.09662787429021e-09,25867.18,1399.224,3573.93244444445,2007057.14476364,0.998874795779878,0.0184,0.0001744,0.000189777777777778,3.9179797979798e-05,0,12536.4604081633,10948.8713306123,2146.32453061223,9.69618283520211e-06,7.0735040925941e-05,0.000146475102040816,6.94024489795918e-05,6.94024489795918e-07
2790,50,13058.8673469388,27323.844,2869899.83322857,27321.096,24025403.5386155,26930.6796,7637158305.94329,1.00200143669113,2.78988404558158e-05,1.34041519250458,0.000363265306122449,0.0164,2.12271020408163e-08,0.01248,2.38496669186193e-08,0.001248,1.75669246511705e-09,27351.1,1701.694,3831.07244444444,1873885.6592202,0.999493673517105,0.018,0.0001488,0.000179022222222222,3.75547474747475e-05,0,11553.8453714286,10154.7648816327,2154.78562840815,9.28342050360465e-06,4.412561325802e-05,0.000173877551020408,7.99281632653061e-05,7.99281632653061e-07
2791,44,15325.5085714286,4197.344,22354269.7843918,4461.256,118978493.260563,6210.7876,11517357501.7424,0.903693512245306,0.000102973105960144,0.436562433578239,0.000760857142857143,0.17896,1.86385469387755e-07,0.16476,7.0095596069539e-07,0.016476,6.39781734185392e-08,3988.04,28428.664,101490.212444444,1517851.37942626,0.810026426661964,0.1706,0.0004632,0.00155475555555556,0.00261758868686869,2.48979591836735,14443.8841469388,14384.7257795918,6787.99923902041,6.69170397791634e-05,0.000182534414980288,0.000157916734693878,9.47575510204082e-05,9.47575510204082e-07
2792,50,25596.6632653061,9103.584,7646173.58697551,9265.32,55726464.0680474,9834.9166,1745375462.08325,0.973630232647911,3.21605057868338e-05,0.85388179133146,0.000601469387755102,0.146,2.56848979591837e-07,0.10936,1.62892548450491e-06,0.010936,1.63420881673632e-07,8980.1,9435.658,39262.2088888889,106036.942890909,0.938108697976808,0.1584,0.000608,0.00256391111111111,0.00135450828282828,0,27446.8291265306,27152.6669387755,10833.3005943265,1.34919278915085e-05,0.000247570523701492,0.000546122448979592,0.000383745306122449,3.83745306122449e-06
2793,50,17980.0995918367,13322.044,3339239.18398367,13427.42,64997671.7351401,13341.9196,2059212245.63316,0.991189290632656,3.98598425714664e-05,1.11432595339909,0.00116261224489796,0.08312,1.21214040816327e-07,0.06144,7.86729150919627e-07,0.006144,1.32823586431206e-07,13264.32,2511.936,18021.836,241961.136832323,0.971423053352641,0.0908,0.0004168,0.00115377777777778,0.000494561616161616,0,19288.2747591837,19218.0195918368,5821.03762432655,1.20931304591352e-05,0.000134071745266559,0.000918393469387755,0.000521965714285714,5.21965714285714e-06
2794,50,15472.1097959184,16803.04,2357825.10122449,16882.802,58815209.8760045,16483.4626,8413810258.14976,0.995960409892604,3.95505895972327e-05,1.25949693219262,0.00136310204081633,0.0672,1.7905893877551e-07,0.05208,4.29183774250441e-07,0.005208,4.51447892738975e-08,16769.18,1428.36,12302.6824444444,921425.579569697,0.981940878599521,0.0804,0.0005168,0.000946666666666667,0.000362060606060606,0,18173.8024489796,18549.4904040816,4926.61676248981,1.48725363463495e-05,0.00012188115072655,0.000743183673469388,0.000330279183673469,3.30279183673469e-06
2795,50,15523.4106122449,19567.688,871605.595204082,19624.608,37823144.6849435,19178.0484,12952315480.568,0.999518940519554,2.91870402084787e-05,1.32607431999947,0.00122857142857143,0.05184,8.9472e-08,0.04104,2.53520753842278e-07,0.004104,6.41604522427324e-08,19566.24,617.89,7899.65866666667,1489659.86302626,0.988723614881711,0.058,0.0003312,0.000613511111111111,0.000260704646464647,0,15307.1496489796,14959.0464653061,6276.04863412248,7.84615944974114e-06,0.000149754843117183,0.00103311673469388,0.000581590204081633,5.81590204081633e-06
2796,50,14379.3097959184,21975.548,1218815.65454694,22015.48,27447331.6880637,21529.649,10799150154.1672,1.00070648515822,2.39230702044638e-05,1.35987579665051,0.000783673469387755,0.04368,5.3857306122449e-08,0.0334,1.47155406399597e-07,0.00334,1.85210292487439e-08,21986.42,968.912,5307.64977777778,1882608.55973535,0.992784444134305,0.048,0.0002872,0.000496977777777778,0.000169536161616162,0,13560.9858122449,12595.5273469388,2879.16781734695,1.05922009169227e-05,0.000103333482519171,0.000502752653061225,0.000257510204081633,2.57510204081633e-06
2797,50,19438.612244898,23962.796,1263345.07386122,23996.392,16654060.8835677,23567.2882,15983114118.0096,1.00089007027528,2.63321371688271e-05,1.36261280295796,0.000741387755102041,0.03536,6.32816326530612e-08,0.02984,7.90254391534392e-08,0.002984,2.34564898818738e-08,23975.8,1053.704,5336.33777777778,2021361.93870909,0.993943232102632,0.0412,0.00028,0.000397866666666667,0.000144271515151515,0,19958.211412245,17519.7942204082,4220.27410077545,9.69770296612642e-06,9.95955593309286e-05,0.000474357551020408,0.000304790204081633,3.04790204081633e-06
2798,50,16473.2330612245,25698.86,2055401.77714694,25716.636,17559576.6285178,25357.114,13789742885.2365,1.00187930916616,2.93100580693844e-05,1.35377389906142,0.00109861224489796,0.04144,6.5698612244898e-08,0.03324,1.40058098261527e-07,0.003324,2.60663875154763e-08,25723.54,1243.186,5366.56488888889,2006430.18494545,0.996048268378123,0.0444,0.0002744,0.000467822222222222,0.000174071111111111,0,16884.2159183674,14550.0807183673,2570.5321510204,7.42847134891617e-06,6.81597128735177e-05,0.00064898612244898,0.000349043265306122,3.49043265306123e-06
2799,50,17085.4057142857,27250.64,3357609.47720816,27265.588,20984508.4501418,26916.0858,11822398409.0901,1.0018762809462,2.56581800506349e-05,1.33898897989849,0.000751020408163265,0.0356,8.09691428571429e-08,0.02784,8.31344036281179e-08,0.002784,1.07809933756864e-08,27277.32,1585.656,5106.73466666667,1906110.40638586,0.996763314491099,0.04,0.0002768,0.000373866666666667,0.000123253333333333,0,16510.6302040816,12726.7398530612,1970.53603710203,8.28460611967977e-06,9.53748065556283e-05,0.000418775510204082,0.000211075918367347,2.11075918367347e-06
2800,40.9,22483.9106122449,3967.98,90612972.6365755,4295.796,399067072.687675,6198.4382,18173017034.8451,0.872379409816111,0.000193744964713943,0.405476181803942,0.000581387755102041,0.20068,2.14358408163265e-07,0.19272,2.02426154698917e-07,0.019272,6.66725053305265e-08,3700.74,46507.934,159410.658666667,1565301.75726263,0.757062492435245,0.2232,0.0006726,0.000776355555555556,0.00345207595959596,1.47959183673469,20488.3024489796,20526.4465142857,7933.37315383673,0.000188023206436411,0.000270399472018085,0.000177405714285714,5.66138775510205e-05,5.66138775510204e-07
