run,villages-point-mean,population-point-var,population-stability-mean-5-mean,population-stability-var-5-var,population-stability-mean-10-mean,population-stability-var-10-var,population-stability-mean-100-mean,population-stability-var-100-var,population-trend-5-mean,population-trend-10-var,population-trend-100-mean,matrilocal-point-var,matrilocal-stability-mean-5-mean,matrilocal-stability-var-5-var,matrilocal-stability-mean-10-mean,matrilocal-stability-var-10-var,matrilocal-stability-mean-100-mean,matrilocal-stability-var-100-var,population-point-mean,population-stability-var-5-mean,population-stability-var-10-mean,population-stability-var-100-mean,population-trend-10-mean,matrilocal-point-mean,matrilocal-stability-var-5-mean,matrilocal-stability-var-10-mean,matrilocal-stability-var-100-mean,villages-point-var,population-stability-mean-5-var,population-stability-mean-10-var,population-stability-mean-100-var,population-trend-5-var,population-trend-100-var,matrilocal-stability-mean-5-var,matrilocal-stability-mean-10-var,matrilocal-stability-mean-100-var
2281,18.38,7291.27551020408,503.516,10848019.0911878,665.936,46244249.3684051,1099.865,44657853.0764909,0.602089123556549,0.00453703227748045,0.420421478281294,0.0050734693877551,0.40752,6.52036004081633e-06,0.34434,1.697663817032e-05,0.034434,6.17058307524842e-06,383.1,9859.306,38297.9377777778,31424.1458969697,0.399461210941533,0.47,0.0030946,0.00661664444444445,0.011484424040404,12.1587755102041,7545.04177959184,6826.89377959184,3549.62891530612,0.00462376689368706,0.00794449853376637,0.00253282612244898,0.00116529020408163,1.16529020408163e-05
2282,26.8,10177.4514285714,901.164,15619788.9027796,1087.076,75799601.2405108,1460.2986,23694064.1994313,0.718813555555363,0.00248232930726145,0.759574744610203,0.00184065306122449,0.32532,7.86048530612245e-07,0.28204,1.62618943613001e-06,0.028204,1.31565755858049e-06,756.76,13581.526,49498.976,29792.7267171717,0.538797567297931,0.3704,0.0012662,0.0028776,0.00752870545454545,9.46938775510204,9008.08602448979,8573.13451428571,4853.68039595918,0.00217964352702557,0.00816007294216189,0.000775446530612245,0.000399590204081633,3.99590204081633e-06
2283,30.4,9344.03918367347,1203.996,14583166.1907918,1399.942,102226947.758185,1733.4922,16884537.8479156,0.776826888486422,0.00145542666472325,0.984199898494045,0.000746163265306123,0.29368,2.13919346938776e-07,0.25962,3.28226943310658e-07,0.025962,4.97053183261558e-07,1051.96,13860.568,53737.0068888889,38008.8904585859,0.613279686602648,0.3274,0.0005448,0.00168091111111111,0.00629777191919192,5.55102040816327,8310.83018775511,7154.43717959184,3794.362842,0.00110562359496397,0.00535661732334715,0.00033981387755102,0.000195954693877551,1.95954693877551e-06
2284,32.06,7290.8493877551,1402.992,27500047.7946939,1612.138,136657479.955464,1967.342,24354570.415846,0.790469777714785,0.00117792286342344,1.08482219379962,0.000559224489795919,0.28428,1.24899632653061e-07,0.252,2.02202166792643e-07,0.0252,2.08307601273506e-07,1241.26,16692.66,61288.1028888889,51057.5240323232,0.637984287827169,0.3114,0.0004294,0.00144288888888889,0.00591213535353535,5.89428571428571,5194.88156734694,4845.64730204082,2984.15045306122,0.00107799117680403,0.00405539789784165,0.000147103673469388,8.83673469387756e-05,8.83673469387755e-07
2285,32.96,7452.27102040816,1569.548,24218968.8923918,1790.772,154962360.272865,2164.0298,40806455.7673516,0.807295046363982,0.000818836563558886,1.15544805876017,0.000283918367346939,0.27616,3.94798367346939e-08,0.24658,8.93728017132779e-08,0.024658,1.85609237046824e-07,1402.12,17023.616,68080.7977777778,61943.5445878788,0.653911039483273,0.3024,0.0003324,0.00120877777777778,0.00564486161616162,3.91673469387755,6494.07642448979,5894.50001632653,4534.10180608163,0.000568692649724294,0.00310859284672975,0.000131565714285714,8.46975510204082e-05,8.46975510204081e-07
2286,34.38,9794.84448979592,1746.672,17909603.1976163,1976.928,116464690.299506,2365.5586,34508595.6898292,0.81429059162416,0.00073205697536019,1.21171217261283,0.000353836734693877,0.26804,2.95424081632653e-08,0.24004,6.86239475938524e-08,0.024004,2.43799968658925e-07,1569.18,19306.344,73578.1773333333,72140.7768828283,0.670266607379351,0.2918,0.0002938,0.00107835555555556,0.00534634868686869,5.5465306122449,8924.7604244898,7613.05634285714,4460.80270616326,0.000462701442375348,0.00360582941174541,0.000172977959183673,0.000114569795918367,1.14569795918367e-06
2287,0,0,0,0,0.038,5.47437283950617,227.721,51508720.867106,0,0,0,0,0,0,0.003,0.000259413580246914,3e-04,3.07469901030507e-06,0,0,0.330888888888889,69835.6756747475,0,0,0,0.00227777777777778,0.000247979797979798,0,0,0.0722,564.739021428572,0,0,0,0.00045,4.5e-06
2288,0,0,0.276,81.8623510204082,6.93,94982.7855413958,398.5118,60378381.8674563,0,0,0,0,0.03,0.00414311224489796,0.2527,0.00519488629668985,0.02527,0.000141948355055393,0,2.164,202.235333333333,84027.7533959596,0,0,0.0235,0.149234733333333,0.0211849157575758,0,1.20471836734694,49.9605102040816,1363.83142730612,0,0,0.00744897959183674,0.0203490306122449,0.000203490306122449
2289,4.52,1774.42816326531,110.168,3046204.40710612,213.42,27895839.3632399,722.4244,107337160.354109,0.288376027108182,0.00592031033068764,0.0681057697782428,0.0623275102040816,0.60572,0.00187125875465306,0.50822,0.000868443658296296,0.050822,7.56758284485277e-05,56.98,2650.906,16031.044,62309.8717737374,0.12648668506695,0.6652,0.0257138,0.0294415333333333,0.0266779593939394,8.82612244897959,3486.64385306122,5086.73469387755,3128.74533534694,0.0191555381369821,0.00250013919472366,0.0156284097959184,0.0058453587755102,5.8453587755102e-05
2290,18.4,8955.76530612245,511.74,12312043.7022408,668.12,57177272.1456194,1092.395,49170564.6470504,0.612186662168727,0.00399637678946786,0.43436497935175,0.00540902040816327,0.39612,8.58387448979592e-06,0.3374,1.10045191352986e-05,0.03374,6.35267078775485e-06,393.1,9620.698,35822.7826666667,30515.0017474748,0.410814698801099,0.4546,0.002787,0.00561942222222222,0.0109745402020202,15.8367346938776,9134.00204081633,9980.31551020408,5300.1996377551,0.0052747091666841,0.00896581369652313,0.00224463836734694,0.00128751020408163,1.28751020408163e-05
2291,25.9,9545.07306122449,881.052,19180556.8347796,1060.706,86698910.7265722,1422.0746,24343749.2114693,0.712462019140644,0.0027336186765612,0.750284778382937,0.00158061224489796,0.33388,1.14845555102041e-06,0.28902,2.0188867850844e-06,0.028902,1.8314284025922e-06,734.22,13741.754,46876.3211111111,27640.9128868687,0.5356514517695,0.383,0.0014066,0.00312322222222222,0.00792484747474748,7.88775510204082,8874.43071020408,7901.58628979592,3333.74660902041,0.00201959437129253,0.0082910321685149,0.000950271020408164,0.000528101632653061,5.28101632653061e-06
2292,29.84,8208.02612244898,1178.548,21424658.9915306,1378.748,111975813.245876,1729.6004,23799537.8880058,0.765238905819054,0.00129515188486731,0.957075656310245,0.000779959183673469,0.29828,3.19226163265306e-07,0.26224,4.31665697152935e-07,0.026224,4.50917164838074e-07,1023.12,15280.25,56443.0044444444,39869.107789899,0.599961417741731,0.3342,0.0007094,0.00189515555555556,0.00643933777777778,5.15755102040816,7050.32622040816,6532.99234285715,4130.84735493878,0.00125788892020268,0.00489019791868765,0.000304001632653061,0.000171165714285714,1.71165714285714e-06
2293,32.42,7573.58408163265,1410.828,12753768.9379959,1619.338,81206137.7664817,1974.0324,24075029.7631175,0.796601254207756,0.000850092358267936,1.09132035092538,0.000369142857142857,0.2806,4.6547918367347e-08,0.24982,9.40956820357772e-08,0.024982,2.84775055451693e-07,1251.74,15526.758,60593.0246666667,51653.2075676768,0.640774718318614,0.3068,0.0003448,0.0013114,0.00580401272727273,4.41183673469388,6806.12246530612,6001.95668979592,4289.77985534694,0.000570209542924407,0.00315710241710255,0.000201836734693877,0.000125211836734694,1.25211836734694e-06
2294,33.7,5275.33918367347,1587.408,16123119.6448,1807.296,96626446.238431,2171.6068,24872598.0382586,0.812969186513543,0.000655202751990388,1.17005870299705,0.000293428571428572,0.27292,4.25748571428572e-08,0.2447,6.21194381456286e-08,0.02447,1.42724181831716e-07,1422.26,16262.336,66852.2986666667,62452.2195434343,0.659164400731241,0.2962,0.0002808,0.00109877777777778,0.00554917070707071,4.29591836734694,4535.3925877551,3938.75059591837,2731.51596506122,0.000460580744602434,0.00235164501095373,0.000106156734693877,6.53163265306123e-05,6.53163265306123e-07
2295,34.22,9798,1725.316,21464572.7122286,1954.774,186756736.322655,2348.0126,23776787.0960482,0.816499801908557,0.00106340163207405,1.20628311383225,0.000388775510204082,0.269,3.25777959183673e-08,0.24162,8.81799591836734e-08,0.024162,2.25358099511254e-07,1551,18410.904,73219.5042222222,72560.7718161616,0.668993506475454,0.293,0.0002924,0.00104642222222222,0.00541171292929293,5.60367346938776,7581.21320816327,5668.29910612245,3872.68932983674,0.000647550065344267,0.00329510276601784,0.000173755102040816,0.000104281224489796,1.04281224489796e-06
2296,0,0,0,0,0.006,0.0162,219.6706,39125190.8838048,0,0,0,0,0,0,0.002,2e-04,2e-04,2e-06,0,0,0.018,67353.8955212121,0,0,0,0.002,2e-04,0,0,0.0018,436.151764938775,0,0,0,2e-04,2e-06
2297,0,0,0.244,26.2832693877551,7.566,113940.540365886,405.4134,57416827.6596829,0,0,0,0,0.038,0.00613877551020408,0.28066,0.00546928260748854,0.028066,0.000191523286720261,0,1.286,243.670444444444,86357.7488626263,0,0,0.028,0.170309266666667,0.0247747933333333,0,0.713942857142857,51.5573918367347,1499.07747595918,0,0,0.0134244897959184,0.0239218616326531,0.000239218616326531
2298,4.38,1538.91265306122,109.5,1948909.31775102,212.252,31677952.9119778,720.7786,104623196.616871,0.314851994812419,0.00569580426722796,0.0713429938566391,0.0574958775510204,0.61952,0.0017444037755102,0.5246,0.000570435943207861,0.05246,9.39347078434802e-05,58.84,2299.802,16276.02,60107.7334484849,0.130906806633014,0.6798,0.0212,0.0261933777777778,0.0280054307070707,5.8730612244898,2649.9106122449,4115.90050612245,2943.12884493878,0.0210184105486097,0.00224391656916641,0.0158936424489796,0.00679714285714286,6.79714285714286e-05
2299,19.5,7163.71795918367,532.632,8945867.06428163,691.582,40110461.038424,1120.966,34540816.2038521,0.620642112286296,0.00351008126302897,0.448615942291722,0.00455102040816327,0.39464,3.91807955102041e-06,0.33414,8.10140345729403e-06,0.033414,5.94400304581336e-06,412.42,9983.402,36953.9322222222,30410.3693575758,0.419455466888597,0.456,0.0029098,0.00598037777777778,0.0108052216161616,13.3163265306122,8755.33773061225,9072.42477142857,4607.21957142857,0.00274823679551956,0.00719213171700835,0.00241084734693878,0.00125257183673469,1.25257183673469e-05
2300,26.4,11833.4285714286,900.672,9902437.8890449,1082.116,76826347.5406629,1435.9746,13101712.68026,0.725810002654651,0.00257291583256071,0.767486551743406,0.00161534693877551,0.32676,7.06818326530612e-07,0.28332,1.51574007357017e-06,0.028332,1.1401247441563e-06,760,12527.256,46811.8693333333,27165.2537191919,0.546889013291389,0.3736,0.0012202,0.00290706666666667,0.00759322787878788,10.8163265306122,9975.87715918367,8778.39606530612,4661.5130335102,0.00205936466767977,0.00904420421406836,0.000715247346938775,0.000355324081632653,3.55324081632653e-06
