run,villages-point-mean,population-point-var,population-stability-mean-5-mean,population-stability-var-5-var,population-stability-mean-10-mean,population-stability-var-10-var,population-stability-mean-100-mean,population-stability-var-100-var,population-trend-5-mean,population-trend-10-var,population-trend-100-mean,matrilocal-point-var,matrilocal-stability-mean-5-mean,matrilocal-stability-var-5-var,matrilocal-stability-mean-10-mean,matrilocal-stability-var-10-var,matrilocal-stability-mean-100-mean,matrilocal-stability-var-100-var,population-point-mean,population-stability-var-5-mean,population-stability-var-10-mean,population-stability-var-100-mean,population-trend-10-mean,matrilocal-point-mean,matrilocal-stability-var-5-mean,matrilocal-stability-var-10-mean,matrilocal-stability-var-100-mean,villages-point-var,population-stability-mean-5-var,population-stability-mean-10-var,population-stability-mean-100-var,population-trend-5-var,population-trend-100-var,matrilocal-stability-mean-5-var,matrilocal-stability-mean-10-var,matrilocal-stability-mean-100-var
1101,4.36,1578.94040816327,108.016,2707750.31105714,205.602,23732527.1953131,718.188,92234864.8341528,0.301169449549757,0.0063089575645783,0.0673362823216867,0.0628888163265306,0.6022,0.00157396835820408,0.50954,0.00053030655067221,0.050954,0.000112683635499448,56.28,2349.458,14681.0486666667,61110.5574868687,0.129651262310557,0.6664,0.0225564,0.0245382444444444,0.0265456385858586,8.07183673469388,2557.62586122449,3741.22836326531,3687.96565714286,0.0222605226130686,0.00216424360381987,0.0173388163265306,0.00799262081632653,7.99262081632653e-05
1102,18.5,6794.52612244898,510.74,7090132.17149388,671.3,43797915.9875023,1103.3262,28637469.4967887,0.604058585983065,0.00397468361196841,0.427453479999228,0.00271020408163265,0.4058,2.56046224489796e-06,0.34246,7.31756008515999e-06,0.034246,6.10598432296201e-06,389.38,9967.356,37470.2324444444,31007.5770929293,0.405139714112634,0.468,0.002639,0.00623624444444444,0.0113308931313131,10.7040816326531,6770.85265306123,6554.96,3329.50905261224,0.00440328447240323,0.00707605896200534,0.00217097959183673,0.00114768204081633,1.14768204081633e-05
1103,26.56,9782.23510204082,905.156,7657633.3844898,1081.892,57358829.8848947,1443.0402,32176345.7109195,0.730188028292167,0.00226139166063203,0.772236106978522,0.000875755102040816,0.32388,3.54642816326531e-07,0.28272,5.51672312421265e-07,0.028272,9.11131225331193e-07,766.64,12173.62,44690.824,27951.412810101,0.552273449487054,0.3676,0.0009802,0.00251808888888889,0.00752198262626263,7.3534693877551,9720.84455510204,8509.61095510204,3922.98724689796,0.00143365865700564,0.00754240109925465,0.000493454693877551,0.000299103673469388,2.99103673469388e-06
1104,29.62,7341.42857142857,1193.92,12322368.0869388,1388.424,99023395.3331467,1723.4052,32318751.7647421,0.773292292805724,0.00124789155143788,0.976160884954785,0.000693428571428572,0.297,1.66143714285714e-07,0.26222,2.82996930713026e-07,0.026222,4.55994448148731e-07,1039.6,13997.66,52932.6217777778,38249.8180686869,0.610889093839942,0.3362,0.0006646,0.00179842222222222,0.00642949474747475,4.81183673469388,7449.12,6552.35982040816,4614.78482138775,0.000759219119390873,0.00439900964900296,0.000296857142857143,0.000170093469387755,1.70093469387755e-06
1105,31.64,9798.36571428571,1404.684,15024175.0005878,1614.504,85210602.5297455,1960.531,24294265.4052266,0.793468680179251,0.000882550071768715,1.08888059683948,0.000674448979591837,0.28372,1.26903020408163e-07,0.25252,2.27816949357521e-07,0.025252,4.09025631587614e-07,1241.96,15894.768,61459.9466666667,50727.9533757576,0.63572127347199,0.3148,0.0004452,0.00140795555555556,0.00594003595959596,6.23510204081633,9168.77728979592,8729.56937142857,5859.33183367347,0.000604092616139329,0.00392469514530366,0.000280001632653061,0.000169479183673469,1.69479183673469e-06
1106,32.94,9113.16897959184,1577.44,23952043.8771592,1798.076,169562341.74559,2171.5696,34570447.7109458,0.807743351142304,0.00117222847389746,1.15672659019949,0.000338938775510204,0.27564,3.89342448979592e-08,0.2464,1.01319881078357e-07,0.02464,2.23402392216704e-07,1408.88,16974.072,67435.728,62833.6152848485,0.6565001082468,0.3028,0.0003362,0.00120413333333333,0.00563756484848485,4.95551020408163,7427.13142857143,6005.49288163265,4308.12451412245,0.000774589547457986,0.00413455906219058,0.000166153469387755,9.80816326530613e-05,9.80816326530612e-07
1107,33.54,9039.64734693878,1704.98,14691177.0572612,1935.322,105117062.248547,2327.9844,35008840.1093724,0.816529111943753,0.000690936504654038,1.19805008411137,0.000249142857142857,0.27312,1.95484081632653e-08,0.24536,4.79991856890905e-08,0.024536,2.00943518022692e-07,1532.16,17729.022,73180.0495555556,71030.8018424243,0.66542058383481,0.2972,0.0002684,0.00106991111111111,0.00557859919191919,3.55959183673469,8146.79387755102,7403.46297551021,5547.5236047347,0.000413847839381866,0.0029891685083558,0.000146475102040816,9.50514285714286e-05,9.50514285714286e-07
1108,0,0,0,0,0,0,221.0254,80760647.2344792,0,0,0,0,0,0,0,0,0,0,0,0,0,69087.3796181818,0,0,0,0,0,0,0,0,563.822584530612,0,0,0,0,0
1109,0.02,2.42,0.612,113.222942857143,8.732,156606.704508743,410.241,74805611.7383198,0.00709677419354839,0.000334948096885813,0.000304287690179806,0.02,0.07,0.00941326530612245,0.2941,0.00434265636821416,0.02941,0.000184771966506771,0.22,2.554,277.226222222222,86713.9022444444,0.00258823529411765,0.02,0.045,0.155934955555556,0.0245494995959596,0.02,7.7737306122449,76.0046693877551,1904.22009897959,0.00251821019771072,4.62954991974809e-06,0.0286734693877551,0.0281782959183674,0.000281782959183674
1110,3.44,1791.20979591837,90.776,2466181.72326531,186.058,40628179.5670874,697.1342,78084831.2213402,0.254575191874165,0.00680515358343892,0.0526206210011526,0.0934360816326531,0.62312,0.00390410114159184,0.52728,0.00109590872172134,0.052728,0.000108590879525294,43.88,1992.3,14416.6224444444,63353.9887090909,0.104107790884018,0.6508,0.0400082,0.0342130666666667,0.029017536969697,10.2514285714286,3533.86716734694,5334.87187346939,4917.88180444898,0.0232140069710265,0.00249690790825786,0.0164870465306122,0.00709759346938776,7.09759346938776e-05
1111,18.2,8458.05102040816,508.344,11538783.4116776,666.976,72892558.7239998,1096.1418,50286706.0404982,0.604501386542238,0.00567129514648517,0.425769073204877,0.0062145306122449,0.408,7.69821473469388e-06,0.34554,1.45001029624591e-05,0.034554,8.67312824478673e-06,387.3,9794.934,36798.2928888889,30988.0083737374,0.405214372384343,0.4724,0.0030834,0.00647753333333333,0.0115827957575758,12.530612244898,8836.40659591837,8651.60390204082,5536.74469669388,0.00617597627689697,0.00897453021455877,0.00306416326530612,0.00156666163265306,1.56666163265306e-05
1112,26,9491.81387755102,893.596,10434559.2556122,1067.332,79844180.0947241,1412.1382,27268326.7834165,0.732419228565292,0.00251338514913004,0.772443286347423,0.0019969387755102,0.32688,7.80034326530612e-07,0.28508,1.61590098059965e-06,0.028508,1.6040871381894e-06,755.32,11599.75,43363.34,25695.1351131313,0.554000170487928,0.375,0.0011894,0.00273106666666667,0.00767777333333333,7.63265306122449,9538.71916734694,9061.21201632653,4267.31075383673,0.00156894172903525,0.00783414073333619,0.000841168979591837,0.000463095510204081,4.63095510204082e-06
1113,30.08,8577.41265306123,1190.656,15102205.5320857,1389.592,109954328.846208,1730.6616,27719141.5330019,0.771427287139094,0.00137684239733074,0.973834010898156,0.000736367346938776,0.29596,1.45718367346939e-07,0.26108,2.98717770723104e-07,0.026108,5.10416736383668e-07,1039.66,14373.734,55364.0555555556,38265.1772484849,0.607445882301012,0.3306,0.000566,0.00174173333333333,0.00637230666666667,5.95265306122449,7812.80659591837,7583.53422040817,5765.8053157551,0.00101877366112044,0.00448443585961588,0.000319263673469388,0.000194768979591837,1.94768979591837e-06
1114,31.76,7921.16897959184,1407.568,14940117.040102,1612.548,87014544.1985657,1952.515,26528396.5442915,0.796704735468596,0.000946155044029009,1.09847506597482,0.000398408163265307,0.28396,4.64171836734694e-08,0.25294,1.21040589065256e-07,0.025294,2.79796518929514e-07,1250.12,15392.73,58298.0795555556,48778.1378323232,0.645013313503369,0.3134,0.0003946,0.00134997777777778,0.00594934525252525,4.75755102040816,6902.37283265306,6418.24091428571,4239.04216428571,0.000619760684147509,0.00391649815729366,0.000190447346938775,0.000116506530612245,1.16506530612245e-06
1115,33.02,6078.5812244898,1585.392,16820233.0725265,1805.682,104972959.565409,2180.6184,39807441.2886868,0.806855039034238,0.000748083051252541,1.16189559668413,0.000272204081632653,0.27452,5.41420816326531e-08,0.24514,7.23940644998741e-08,0.024514,1.59090341084771e-07,1415.52,17359.818,67244.4993333333,63233.8340808081,0.657288061348694,0.3018,0.0003474,0.00120495555555556,0.00557915414141414,3.6934693877551,5289.48564897959,4705.64436326531,3281.70922595918,0.000473278402546023,0.00280119304603565,0.000112295510204082,7.35922448979592e-05,7.35922448979592e-07
1116,33.96,8499.1106122449,1723.352,13478247.5713306,1952.32,150164354.797824,2349.1032,35991699.6740404,0.818245861420423,0.000836296681325993,1.202603139316,0.000391836734693877,0.27044,4.0723306122449e-08,0.2428,8.74439788359788e-08,0.02428,1.93952750614619e-07,1550.54,17801.336,72647.0168888889,72733.1792848485,0.668933101286059,0.294,0.0002846,0.00106484444444444,0.00546389858585859,5.18204081632653,6958.66866938776,5475.13306122449,3734.71414057143,0.000410382963298899,0.00327675958352281,0.000145843265306122,8.79591836734694e-05,8.79591836734694e-07
1117,49.62,11737.7975510204,2141.28,83491.0150857143,2176.544,1073584.98184611,3465.1796,7399748388.96886,0.973710524476314,0.000251621307052487,0.307315923913627,0,0,0,0,0,0,0,2113.28,552.496,1994.85733333333,1485697.86186667,0.94295037204999,0,0,0,0,0.566938775510204,11140.853877551,10800.8086367347,3302.88581208163,5.8657086596964e-05,0.000245179033765513,0,0,0
1118,50,11632.7710204082,4522.06,70125.9094530612,4538.402,764975.783353439,5279.9358,2674456278.82329,0.99513325463467,0.000185296347080354,0.580288858551171,0,0,0,0,0,0,0,4511.38,267.256,918.455333333333,664452.630373737,0.987200647192094,0,0,0,0,0,10613.1057142857,9441.90877142858,2819.83674322449,5.73360386235094e-05,0.000201246335872349,0,0,0
1119,50,7402.82612244898,6688.108,41809.4748122449,6688.324,584002.346971832,7015.569,943023028.091917,0.999567761591137,0.00011284203643801,0.772867724450864,0,0,0,0,0,0,0,6686.52,166.178,727.064,234197.801909091,0.999800877972497,0,0,0,0,0,8114.23871020408,7971.66267755102,2343.99974387755,1.96032484792913e-05,0.000126264216178617,0,0,0
1120,50,10785.5493877551,8426.156,78615.5745469388,8430.852,1068416.34581285,8565.337,239870655.288694,0.999688691731438,8.95447745302665e-05,0.885015286589139,0,0,0,0,0,0,0,8425.04,254.388,876.002666666667,66316.4566282828,0.997860135933636,0,0,0,0,0,10284.7972081633,8928.01601632652,1934.25853979593,2.24687310170836e-05,0.000136859146716947,0,0,0
