run,villages-point-mean,population-point-var,population-stability-mean-5-mean,population-stability-var-5-var,population-stability-mean-10-mean,population-stability-var-10-var,population-stability-mean-100-mean,population-stability-var-100-var,population-trend-5-mean,population-trend-10-var,population-trend-100-mean,matrilocal-point-var,matrilocal-stability-mean-5-mean,matrilocal-stability-var-5-var,matrilocal-stability-mean-10-mean,matrilocal-stability-var-10-var,matrilocal-stability-mean-100-mean,matrilocal-stability-var-100-var,population-point-mean,population-stability-var-5-mean,population-stability-var-10-mean,population-stability-var-100-mean,population-trend-10-mean,matrilocal-point-mean,matrilocal-stability-var-5-mean,matrilocal-stability-var-10-mean,matrilocal-stability-var-100-mean,villages-point-var,population-stability-mean-5-var,population-stability-mean-10-var,population-stability-mean-100-var,population-trend-5-var,population-trend-100-var,matrilocal-stability-mean-5-var,matrilocal-stability-mean-10-var,matrilocal-stability-mean-100-var
4141,49.68,7310.81632653061,2162.976,89315.6045877551,2199.306,675747.365202772,3475.7036,5938889317.59754,0.971446552234938,0.00014123160174666,0.309430318730435,0,0,0,0,0,0,0,2131,648.852,2075.82244444444,1471586.22638384,0.940758544144612,0,0,0,0,0.303673469387755,7030.14471836735,6654.10628979592,2219.34247657143,4.68107594798504e-05,0.000162845578283695,0,0,0
4142,50,11773.4371428571,4527.868,49009.7379755102,4542.534,611451.526693122,5282.9424,3557857147.4899,0.995723995724499,0.000138197927201023,0.580160226960342,0,0,0,0,0,0,0,4517.46,199.028,754.232222222222,671817.922690909,0.988493610399068,0,0,0,0,0,11861.938955102,11435.5263714286,4015.78328391836,3.88542768541386e-05,0.000185537063872322,0,0,0
4143,50,8901.06775510204,6658.768,227865.286240816,6663.942,966229.720819804,7015.991,793076982.589809,0.997830199471196,0.000129651256057992,0.767418982557223,0,0,0,0,0,0,0,6651.56,352.578,847.309111111111,244635.139666667,0.997531575180173,0,0,0,0,0,8746.18344489796,8476.40860816326,1939.23413163265,4.35003697608194e-05,0.000129657291879093,0,0,0
4144,50,11551.6330612245,8405.852,170909.232653061,8405.692,815957.731359234,8556.782,194673550.524429,1.00108556653671,8.82430880033375e-05,0.881898532994907,0,0,0,0,0,0,0,8409.86,340.94,893.805333333333,73992.6864363637,1.00021559211345,0,0,0,0,0,10629.867444898,9696.16360816328,2755.99439183674,2.79881019011137e-05,0.000143248218305243,0,0,0
4145,50,8168.54857142857,9834.436,66582.025,9833.64,803780.329861628,9890.3004,52663452.1333378,0.999765201054543,5.83223404129446e-05,0.94891235917217,0,0,0,0,0,0,0,9832.68,252.41,830.114222222222,18541.2396040404,1.00001103114261,0,0,0,0,0,8431.28765714287,8173.42,2322.76954269387,1.44245719095902e-05,8.42487910380778e-05,0,0,0
4146,50,9132.06367346939,11019.78,210610.820963265,11020.106,1464439.49824082,11031.1574,14954819.7407101,0.999753135073303,7.47889477347914e-05,0.985755967194575,0,0,0,0,0,0,0,11019.24,442.184,1282.49577777778,8127.07318585859,1.00022824273416,0,0,0,0,0,9624.28612244899,8517.23731020408,1351.51935840816,2.09150740657374e-05,9.76714055577554e-05,0,0,0
4147,50,5160.62244897959,12013.612,275500.991771429,12016.244,1396868.00673217,12024.461,11382386.5691451,0.999901394313769,5.803790658536e-05,1.00471589686073,0,0,0,0,0,0,0,12012.9,460.608,1285.81777777778,6086.77785252525,0.998990496814072,0,0,0,0,0,4510.46434285714,4755.16782040816,1098.6346989796,1.86934891307186e-05,5.89452088734094e-05,0,0,0
4148,50,9659.33224489796,12899.632,164030.366077551,12895.782,2319605.17033354,12878.832,7803447.35942953,1.00004314439169,4.46210693230658e-05,1.01549643203048,0,0,0,0,0,0,0,12898.88,368.738,1261.24244444444,7568.61722828283,1.00092577238446,0,0,0,0,0,9715.96956734694,7709.44109795917,964.319918367351,1.19882975735684e-05,6.48901074881231e-05,0,0,0
4149,50,3850.53918367347,13657.26,433152.897044898,13664.54,2461544.18715163,13644.9104,6995801.93294697,0.999405113412725,4.6161768916093e-05,1.01650054832667,0,0,0,0,0,0,0,13653.46,466.664,1405.63866666667,7424.79650505051,0.998270000958283,0,0,0,0,0,3825.28693877552,4024.47918367347,774.945134530613,1.36912774557221e-05,4.58603608084093e-05,0,0,0
4150,37.18,7491.60204081633,1647.48,8772935.8876898,1853.526,61869561.6283336,3447.3846,6098714798.27806,0.817760499172992,0.00048385311167667,0.216020374198583,0.000632204081632653,0.22504,3.83866979591837e-07,0.20558,1.85442987654321e-07,0.020558,7.40654341330852e-08,1485.1,17194.192,61659.1415555556,1560192.36382424,0.670315372225985,0.2438,0.0008206,0.00113824444444444,0.00395011131313131,2.02816326530612,6985.53469387755,6438.69584081633,2949.84377228572,0.000304115814941966,0.00016149321309784,9.93044897959185e-05,5.08608163265306e-05,5.08608163265306e-07
4151,46.74,8327.56081632653,4003.052,12565247.0531796,4184.576,40458742.8528645,5241.1726,3700600684.43677,0.925381774974338,7.20773646948144e-05,0.494452406885229,0.000388612244897959,0.18152,8.36882040816327e-08,0.15456,8.15112973544974e-07,0.015456,6.55413080004748e-08,3847.48,15589.878,48476.6782222222,746718.597149495,0.855988917243908,0.1754,0.0003334,0.00225106666666667,0.00238519151515152,1.78816326530612,8093.0152,8290.80594285715,4771.84982779592,5.99439790706186e-05,0.00014078317748927,7.81322448979592e-05,9.92310204081633e-05,9.92310204081633e-07
4152,49.96,9203.16285714286,6262.396,3595345.57546531,6390.604,24198454.0163842,6993.0754,1022268538.40624,0.968071448664105,4.72828218021625e-05,0.710516765859828,0.000756897959183673,0.14584,3.55330612244898e-07,0.1104,1.34409623381204e-06,0.01104,1.73684192162649e-07,6159.02,6561.662,24602.0591111111,269141.358434343,0.929304888315354,0.1632,0.000744,0.00258151111111111,0.00137532282828283,0.0391836734693878,9610.19345306122,10039.8550857143,4077.23884167347,2.15969410614559e-05,0.000115680096035923,0.000561116734693878,0.000366204081632653,3.66204081632653e-06
4153,50,8466.49959183674,8044.016,1613264.17469388,8136.342,16017212.9010905,8529.5526,273586820.049332,0.984089721210943,3.31886525234153e-05,0.837436544521239,0.00127085714285714,0.10736,5.55300571428572e-07,0.08076,8.78313658856135e-07,0.008076,9.33140971127894e-08,7979.48,2778.1,13216.1784444444,89665.5553555556,0.958837280036146,0.1184,0.0007488,0.00183137777777778,0.000787630707070707,0,9204.97933061226,9621.22901632652,2675.8728890204,1.35516427629272e-05,0.0001080556337271,0.000626520816326531,0.000316716734693878,3.16716734693878e-06
4154,50,5090.48979591837,9501.356,1310279.64016735,9580.77,20639391.4623091,9854.9644,54978390.8330328,0.990162470720273,3.91939876698922e-05,0.911948002295995,0.00117551020408163,0.07512,1.01971591836735e-07,0.05936,4.92217372637944e-07,0.005936,7.73090016194099e-08,9453.8,1605.406,10366.7277777778,28582.953240404,0.9693668061999,0.084,0.0004128,0.000932622222222222,0.000445132929292929,0,5758.69435102042,6045.47969387753,2034.29002514285,1.41069305567206e-05,5.79134825306979e-05,0.000828924081632653,0.000449214693877551,4.49214693877551e-06
4155,50,7938.93918367347,10750.364,803094.67224898,10810.724,14565314.33688,11008.7232,21813291.4187377,0.994298055341415,3.62004044659805e-05,0.959325032245908,0.000883102040816327,0.068,1.12784326530612e-07,0.055,4.66221222474175e-07,0.0055,4.20200570827217e-08,10718.86,887.786,6617.91022222222,11606.5448767677,0.978883746523935,0.0684,0.0004344,0.000947288888888889,0.000385848080808081,0,8896.28847346939,8553.27410612247,1974.87097322449,1.40898794255986e-05,7.76602071923213e-05,0.000670693877551021,0.000277591836734694,2.77591836734694e-06
4156,50,5822.32653061225,11762.724,540613.283608163,11816.16,19455569.1064316,11998.3114,13640849.2333355,0.996637001130104,5.02928697186289e-05,0.982194296544916,0.00116326530612245,0.05608,2.01122612244898e-07,0.04272,3.96800838498362e-07,0.004272,3.85199551226135e-08,11745.2,629.208,5915.14266666667,9802.08336767677,0.982556736532066,0.062,0.0004328,0.000732088888888889,0.000260909898989899,0,5678.25451428573,5245.59387755104,952.131730653066,1.49330632143811e-05,5.28142222783846e-05,0.00073632,0.000319307755102041,3.19307755102041e-06
4157,50,4205.28530612245,12654.78,194400.883983673,12704.452,14047394.5300479,12868.9382,10044548.7020816,0.997561067156614,3.81304569653981e-05,0.995603306418583,0.00114285714285714,0.05136,8.00548571428572e-08,0.04228,1.31355517258755e-07,0.004228,2.74430093182495e-08,12642.02,504.536,5217.07555555556,10347.8155292929,0.985366078030326,0.056,0.0003968,0.000623911111111111,0.000247926464646465,0,3720.49673469388,3247.61193469387,1275.85980281633,1.05995583396334e-05,4.34087856635148e-05,0.000621949387755102,0.000322124081632653,3.22124081632653e-06
4158,50,4462.95346938776,13451.744,286163.416902041,13489.856,5643996.47381204,13626.102,11811996.9949306,0.999155541709544,2.80597953205992e-05,1.00251099247235,0.00111281632653061,0.04888,1.46902204081633e-07,0.03804,1.84381927941547e-07,0.003804,2.33831065741313e-08,13447.84,429.106,3748.42,10486.2625010101,0.988673163972076,0.0512,0.0004128,0.000610933333333333,0.000210426666666667,0,4243.60169795918,4379.91149387756,830.346653061225,1.24311408773057e-05,3.9411672028758e-05,0.000508271020408163,0.000261957551020408,2.61957551020408e-06
4159,34.32,11055.8840816327,1492.992,18804890.8397918,1737.766,155798080.151404,3441.4448,6643115219.66182,0.770483040256572,0.00104772745704008,0.189420303311756,0.000358204081632653,0.2622,9.68196326530612e-08,0.235,1.4357213202318e-07,0.0235,1.34511824881509e-07,1304.44,23231.002,85463.006,1624726.98245657,0.60531268712394,0.2864,0.0005226,0.00114995555555556,0.0051305995959596,3.36489795918367,10496.0146285714,9199.58147346939,4179.3109397551,0.000611505507150117,0.000231531886946852,0.000146,6.28979591836734e-05,6.28979591836735e-07
4160,40.74,10742.612244898,3587.86,49860852.2244898,3895.276,284964440.686803,5219.7624,3234238303.55385,0.867522888406615,0.000175009506153969,0.429698063454316,0.000182081632653061,0.209,1.93861265306122e-07,0.1986,1.5745031191736e-07,0.01986,4.06336276283345e-08,3341.8,41171.96,139089.786666667,815351.940137374,0.751937445392937,0.2366,0.0007214,0.000779244444444444,0.00365944767676768,1.0534693877551,9288.10653061225,8495.32226938775,3196.29062269388,0.000129279965846132,0.000182070110730041,9.2938775510204e-05,3.33877551020408e-05,3.33877551020408e-07
