run,villages-point-mean,population-point-var,population-stability-mean-5-mean,population-stability-var-5-var,population-stability-mean-10-mean,population-stability-var-10-var,population-stability-mean-100-mean,population-stability-var-100-var,population-trend-5-mean,population-trend-10-var,population-trend-100-mean,matrilocal-point-var,matrilocal-stability-mean-5-mean,matrilocal-stability-var-5-var,matrilocal-stability-mean-10-mean,matrilocal-stability-var-10-var,matrilocal-stability-mean-100-mean,matrilocal-stability-var-100-var,population-point-mean,population-stability-var-5-mean,population-stability-var-10-mean,population-stability-var-100-mean,population-trend-10-mean,matrilocal-point-mean,matrilocal-stability-var-5-mean,matrilocal-stability-var-10-mean,matrilocal-stability-var-100-mean,villages-point-var,population-stability-mean-5-var,population-stability-mean-10-var,population-stability-mean-100-var,population-trend-5-var,population-trend-100-var,matrilocal-stability-mean-5-var,matrilocal-stability-mean-10-var,matrilocal-stability-mean-100-var
1181,40.16,51295.8367346939,7478.568,2150145586.37063,8064.432,12433921410.6505,9706.3396,4010696870.37937,0.876125942859333,0.000481419399125493,0.665517984823512,5.96326530612245e-05,0.2314,1.02310612244898e-08,0.21598,1.09187830687831e-08,0.021598,2.00843017153601e-08,6991.2,154702.728,503337.450222222,411886.444844444,0.771000422612552,0.2466,0.0001734,0.000357222222222222,0.00427417474747475,1.03510204081633,38469.623444898,25624.3389551021,12551.6753835102,0.00036163136723179,0.000477349135320074,4.37959183673469e-05,1.15710204081633e-05,1.15710204081632e-07
1182,42.48,76751.6853061225,11072.78,4438326546.05865,11756.266,22184471794.4181,13156.4984,5118824354.78279,0.911443789750637,0.000339798640899832,0.886619771972643,0.000334244897959184,0.21256,4.90398367346939e-08,0.20628,1.17002287729907e-08,0.020628,2.12080632298662e-08,10552.22,171519.218,708552.807333333,512844.667773737,0.804389749124029,0.2238,0.0002736,0.0001808,0.00388600727272727,1.31591836734694,44276.3889795918,28412.6373918367,9096.74459330614,0.000312605073558379,0.000524668243275352,5.64963265306122e-05,1.4124081632653e-05,1.41240816326531e-07
1183,45.78,60888.8718367347,14113.792,3515687716.25306,14837.204,21467421752.5031,16267.6624,8634092483.71492,0.943863163129032,0.000233452336732761,1.02842300579774,0.000243918367346939,0.2006,2.72096326530612e-08,0.20022,5.36483799445704e-09,0.020022,6.8911154838844e-09,13701.84,111334.64,816048.359555556,1185201.23587071,0.832411290531814,0.2036,0.0001684,8.16222222222222e-05,0.00365225111111111,2.66489795918367,24415.7027918367,13719.2232489796,6288.65195330616,0.000242068857601738,0.0003619274351516,1.93061224489796e-05,5.19551020408164e-06,5.19551020408164e-08
1184,47.36,46428.693877551,16613.224,4250713366.66957,17426.78,24015466016.1948,18955.9482,15961711129.8052,0.951971641343558,0.000168919882147467,1.09801827774243,8.52653061224489e-05,0.1996,2.38042448979592e-08,0.1974,2.15273046107332e-08,0.01974,1.2201451895829e-08,16215.8,110283.032,1032495.58488889,1826511.98689091,0.842190893492399,0.2062,9.72e-05,0.000147955555555556,0.00355687232323232,2.11265306122449,15522.2900244898,11730.4910204082,6293.70377016327,0.000182599487230718,0.000188161434553856,1.92653061224489e-05,1.11020408163266e-05,1.11020408163265e-07
1185,48.26,47598.3608163265,18681.236,3054801927.45249,19590.95,22015186785.1421,21272.4792,21144392213.4423,0.956453500635121,9.33714912164341e-05,1.1324859005952,0.000159183673469388,0.19812,9.92444897959182e-09,0.1933,1.07524096245906e-07,0.01933,1.0922486228977e-08,18301.92,110454.666,1274697.14911111,2276391.20381414,0.847435575200287,0.198,9.02e-05,0.000417977777777778,0.0034359997979798,1.01265306122449,22252.4729632653,16130.1564285714,4200.80223608167,0.000104207152766094,0.000201583387260302,1.54138775510204e-05,1.33979591836735e-05,1.33979591836735e-07
1186,48.88,27272.9065306122,20468.916,1384977440.76058,21445.986,16257393480.0826,23328.0758,8951625473.8645,0.960446208819307,4.86086797812036e-05,1.14186950584225,0.00011330612244898,0.19736,5.56914285714286e-09,0.19188,2.35312169312169e-07,0.019188,9.26946748874022e-09,20104.54,107134.094,1455795.698,2527312.03901616,0.853135854386483,0.1964,6.32000000000001e-05,0.000556444444444445,0.0033989494949495,0.924081632653061,12428.4834122449,11087.1200040817,3846.5839064898,4.27941075237156e-05,0.000109082274301613,9.86775510204083e-06,1.43526530612245e-05,1.43526530612245e-07
1187,49.48,13770.3902040816,22033.292,775401137.645714,23073.924,13800735757.7047,25089.7666,12769609778.5236,0.961709208846515,2.49805096656687e-05,1.13998901963,4.36326530612245e-05,0.19908,1.872e-09,0.1887,4.20451007810532e-07,0.01887,8.77641425281468e-09,21670.76,116793.86,1620680.92355556,2580547.78061212,0.858019052455922,0.1982,1.88e-05,0.000949444444444445,0.00332501313131313,0.622040816326531,7781.68850612242,8224.15818775509,2275.10461065304,1.94126571537851e-05,5.39014033671825e-05,5.42204081632654e-06,1.83775510204081e-05,1.83775510204082e-07
1188,49.78,9111.41591836735,23401.572,902096338.864229,24514.948,14742281889.8137,26641.3508,10852627602.9081,0.959947357474002,2.13822263468504e-05,1.12888939172581,2.55102040816327e-05,0.19964,6.34938775510206e-10,0.18698,4.67741206853112e-07,0.018698,8.45748390626529e-09,23002.82,146644.384,1830133.85955556,2547498.99526061,0.858837705337243,0.199,7.60000000000001e-06,0.00114766666666667,0.00328434242424242,0.215918367346939,4769.63430204083,5572.33846530607,2278.22207281631,1.57899224456012e-05,3.58625992542536e-05,2.23510204081633e-06,1.89587755102041e-05,1.89587755102041e-07
1189,0,0,0.036,0.0221428571428571,0.098,0.416660367850844,220.3902,65728285.7524821,0,0,0,0,0,0,0,0,0,0,0,0.03,0.13,68280.0537434344,0,0,0,0,0,0,0.0354122448979592,0.2402,432.202385673469,0,0,0,0,0
1190,4.22,649.135102040816,36.188,984.161914285714,43.554,10578.6731207357,395.467,63276143.8263295,0.622949476881632,0.0537192347788925,0.0424823855434094,0,0,0,0,0,0,0,31.26,25.982,111.202888888889,79881.6279777778,0.43865535311189,0,0,0,0,8.82816326530612,796.194955102041,989.910697959184,1926.54082959184,0.0747588691985759,0.001202288232046,0,0,0
1191,27.8,5149.98734693878,448.388,4359.51567755102,462.758,40005.1880524565,743.4844,55502709.6576812,0.946543757057944,0.00105298783059438,0.530055442254377,0,0,0,0,0,0,0,436.18,109.706,345.601555555556,38395.9541979798,0.892897991750775,0,0,0,0,12.3265306122449,5251.04556734694,5275.25105714286,3352.21949044898,0.000339164077016329,0.00588735317762467,0,0,0
1192,41.8,7031.59346938776,1025.624,4552.73840408163,1032.568,30208.3685248677,1126.531,6341438.42446399,0.989019059083231,0.000511552667755288,1.12828004519804,0,0,0,0,0,0,0,1020.28,55.958,157.696,7729.20814747475,0.97635482194807,0,0,0,0,5.51020408163265,7355.84920816327,7357.13773061224,4061.74344183673,0.00016801933419367,0.00537056461320136,0,0,0
1193,46.02,6508.32653061225,1504.824,1948.22428163265,1504.334,11136.0846797178,1485.7392,2919044.94679007,1.00003815322937,0.000285402950771765,1.52030457438597,0,0,0,0,0,0,0,1504.4,41.698,99.502,8776.75793939394,0.999771528447153,0,0,0,0,3.6934693877551,6589.95369795919,6490.97004489796,4374.52573812245,9.28786303253681e-05,0.00315888694216872,0,0,0
1194,46.86,5266.82816326531,1821.004,3026.07290204082,1818.646,13759.5327512724,1757.5774,13230818.1349744,1.00227020737835,0.000194011483181539,1.71730152860875,0,0,0,0,0,0,0,1822.78,49.934,115.311333333333,19863.4867858586,1.00428191624471,0,0,0,0,2.44938775510204,5060.85794285715,5155.89028979592,5085.7817257551,7.2486602487311e-05,0.00132103805542686,0,0,0
1195,47.34,7945.3893877551,2085.16,3250.87836734694,2085.046,28376.275464903,2003.703,18045237.3612084,1.00000236813359,0.000252557059665323,1.83626303039809,0,0,0,0,0,0,0,2085.72,51.3,161.879333333333,31904.1224505051,1.00060446773826,0,0,0,0,2.80040816326531,7800.10448979592,7530.57600408164,6178.14608673469,6.40337557010671e-05,0.00111288394507374,0,0,0
1196,47.66,7081.9493877551,2291.24,7863.81089387755,2290.81,25147.0470728647,2207.487,18051560.0446816,1.00184862240274,0.000159899658393792,1.89658193670733,0,0,0,0,0,0,0,2293.36,60.482,131.896222222222,40846.2933434343,1.00068727229546,0,0,0,0,2.18816326530612,6690.58448979592,6421.66051020408,5806.45165408163,5.74889333662787e-05,0.000762599556762056,0,0,0
1197,48.18,4695.90244897959,2484.884,3457.7669755102,2484.962,34882.4920689846,2397.319,17543275.5989677,0.999696104121533,0.000195611768677688,1.93220243042739,0,0,0,0,0,0,0,2484.34,70.558,178.462,49511.5952222222,0.999635212215516,0,0,0,0,1.37510204081633,4451.40422857143,4292.9640367347,3961.28609081633,6.00903453601027e-05,0.000559871518848745,0,0,0
1198,0,0,0,0,0.002,2e-04,225.409,54381789.6132354,0,0,0,0,0,0,0.002,2e-04,2e-04,2e-06,0,0,0.002,68143.5777959596,0,0,0,0.002,2e-04,0,0,2e-04,534.913980612245,0,0,0,2e-04,2e-06
1199,0.04,8,0.816,81.7678530612245,7.922,117370.7943936,398.0812,85905102.4890785,0.0102564102564103,0.000739644970414201,0.000520156046814044,0.005,0.03596,0.00460188133718367,0.28746,0.00529684307936961,0.028746,0.000178674381841105,0.4,2.852,218.077111111111,83546.8649252525,0.00384615384615385,0.01,0.0221734,0.1647338,0.0245093436363636,0.08,16.9270857142857,102.03113877551,1264.89217404082,0.00525969756738988,1.35281156518607e-05,0.0104846514285714,0.0226895187755102,0.000226895187755102
1200,3.98,1806.72816326531,100.48,2172512.92215918,199.326,36897274.3215118,714.2388,85504717.3097009,0.292051908743255,0.00518511657234305,0.0615117791691976,0.0538297551020408,0.61548,0.000691166207510204,0.51864,0.000350295350050894,0.051864,8.23735474646001e-05,50.92,2091.778,15525.546,59567.7602343434,0.114909325272681,0.6822,0.0178108,0.0228773777777778,0.027102957979798,7.73428571428571,3251.44,5179.64522857143,4006.9452475102,0.0166541000218169,0.00247742003717574,0.0142017648979592,0.00639562285714286,6.39562285714286e-05
