run,villages-point-mean,population-point-var,population-stability-mean-5-mean,population-stability-var-5-var,population-stability-mean-10-mean,population-stability-var-10-var,population-stability-mean-100-mean,population-stability-var-100-var,population-trend-5-mean,population-trend-10-var,population-trend-100-mean,matrilocal-point-var,matrilocal-stability-mean-5-mean,matrilocal-stability-var-5-var,matrilocal-stability-mean-10-mean,matrilocal-stability-var-10-var,matrilocal-stability-mean-100-mean,matrilocal-stability-var-100-var,population-point-mean,population-stability-var-5-mean,population-stability-var-10-mean,population-stability-var-100-mean,population-trend-10-mean,matrilocal-point-mean,matrilocal-stability-var-5-mean,matrilocal-stability-var-10-mean,matrilocal-stability-var-100-mean,villages-point-var,population-stability-mean-5-var,population-stability-mean-10-var,population-stability-mean-100-var,population-trend-5-var,population-trend-100-var,matrilocal-stability-mean-5-var,matrilocal-stability-mean-10-var,matrilocal-stability-mean-100-var
1841,46.14,6496.57142857143,1506.308,3475.59144489796,1507.368,18640.0671504157,1489.0362,3067992.56536282,0.999225531403041,0.000286739475877901,1.52279450853906,0,0,0,0,0,0,0,1505.8,40.172,105.253333333333,9265.71913333333,0.998016249188692,0,0,0,0,3.38816326530612,6485.45666938776,6323.88630204082,3558.11198730612,9.09709537711191e-05,0.00325292523418238,0,0,0
1842,47.28,7399.26530612245,1841.584,1947.79600408163,1841.918,12994.230936004,1777.9194,14674834.4555073,0.998246631905551,0.000177912948234334,1.72182003647836,0,0,0,0,0,0,0,1840,46.146,111.718888888889,20786.0739292929,0.998863751465784,0,0,0,0,2.89959183673469,7309.6634122449,7106.9962,5195.02991187755,6.69269648249367e-05,0.00237262464264569,0,0,0
1843,47.58,6206.93428571429,2093.416,2711.8750244898,2094.194,13853.193997934,2011.7938,19175385.6396845,0.999060298878792,0.000191475204061685,1.83343261685073,0,0,0,0,0,0,0,2092.62,56.526,125.306888888889,31759.3689838384,0.999582861831408,0,0,0,0,2.69755102040816,6287.36953469388,6494.20016734694,5962.02978322449,7.31808417872488e-05,0.00107049717817968,0,0,0
1844,48.02,3993.1187755102,2309.148,4027.09296326531,2307.298,40884.03555097,2220.7272,17007819.3525622,1.00097947637183,0.000145391190089296,1.89833103392663,0,0,0,0,0,0,0,2309.94,46.036,123.728666666667,41382.476379798,1.00269329582938,0,0,0,0,1.40775510204082,4130.57275102041,4229.07489387755,3897.11098383674,4.10138458542537e-05,0.000651286574408232,0,0,0
1845,48.08,4687.09224489796,2487.596,6730.61089387755,2486.068,36735.3331249181,2395.7112,18111804.4014804,0.999469750182999,0.000169784639908007,1.93699663423246,0,0,0,0,0,0,0,2486.36,64.018,165.820888888889,49030.2209090909,1.00131041757499,0,0,0,0,1.38122448979592,4913.96161632653,5015.80875102041,3963.04234138776,5.34183248556629e-05,0.000594613554112803,0,0,0
1846,0,0,0,0,0,0,222.2274,41814767.5148179,0,0,0,0,0,0,0,0,0,0,0,0,0,68130.2851171717,0,0,0,0,0,0,0,0,315.369207387755,0,0,0,0,0
1847,0,0,1.08,4703.71430204082,10.37,157581.763801512,403.066,73536940.0400851,0,0,0,0,0.08896,0.011315042952,0.31742,0.00281621509751827,0.031742,0.000204362619136074,0,12.728,304.888222222222,82106.5481414141,0,0,0.0571452,0.157284555555556,0.0260906050505051,0,17.2277551020408,116.250714285714,1793.3895755102,0,0,0.03224608,0.0295475955102041,0.000295475955102041
1848,3.68,788.215918367347,92.092,2009706.2349551,189.6,29826674.6767903,700.1622,72798649.708102,0.259896940762998,0.00285633054111761,0.0511388555957779,0.0465141224489796,0.67156,0.000530750529632653,0.5571,0.000354840296157722,0.05571,0.00012308505917704,42.22,2155.012,14903.4808888889,61782.1410444445,0.101258133615758,0.7704,0.0197836,0.0290807777777778,0.0315908616161616,5.20163265306123,1754.5325877551,3132.3706122449,3963.89291546939,0.0136637992811714,0.00110176576012808,0.0182766187755102,0.00822274489795918,8.22274489795919e-05
1849,18.5,13259.8840816327,516.98,9074671.95407755,677.624,48498641.5499118,1104.718,43922471.9117955,0.598360690674969,0.00663705220076189,0.430662224011078,0.0083854693877551,0.40768,7.42684657142857e-06,0.34238,2.9136523074326e-05,0.034238,1.31953753099747e-05,393.44,9936.102,37382.5133333333,30803.7932525253,0.401826828992056,0.4768,0.0031794,0.00709006666666667,0.0114982915151515,20.9489795918367,13738.6142857143,13543.5067591837,6766.19505714286,0.00793782622896009,0.0134456059430468,0.00458438530612245,0.00221130163265306,2.21130163265306e-05
1850,27.42,8038.99959183674,929.416,12616622.5302898,1107.272,62366377.4659007,1450.7866,17979142.337096,0.732469241083577,0.00215816538580871,0.796088008054822,0.00119595918367347,0.31724,4.10678408163265e-07,0.27658,1.23783099470899e-06,0.027658,1.16862837863396e-06,788.98,12769.746,45462.4066666667,26422.5567575758,0.55945316798621,0.3586,0.0010454,0.00254268888888889,0.00721840626262626,7.79959183673469,7149.95728979592,6444.4204244898,3634.78272493878,0.00180553942971404,0.00583717307739344,0.000669859591836735,0.000370697551020408,3.70697551020408e-06
1851,31.3,9122.82285714286,1212.4,19696234.6500571,1399.822,71312629.0397803,1720.4666,15387150.6095847,0.778452755688569,0.00149572916110214,0.998524385437075,0.00101342857142857,0.28904,1.98227306122449e-07,0.25656,3.34757542957924e-07,0.025656,6.19845524258624e-07,1062.44,14383.588,50303.634,36223.7225717172,0.619039274739642,0.3178,0.0006182,0.00156964444444444,0.00614805131313131,6.62244897959184,7553.52816326531,6348.77113877551,4017.341978,0.00119582382943467,0.00490313201672176,0.000402977959183673,0.000240700408163265,2.40700408163265e-06
1852,33.88,10893.3506122449,1450.656,13380131.5229755,1647.994,63957799.0440728,1969.056,21599833.8340551,0.807767356146193,0.000949515295785761,1.13714790770747,0.000508122448979592,0.27144,1.04821591836735e-07,0.24344,1.06730964978584e-07,0.024344,2.86201571851269e-07,1300.42,14712.222,54765.1166666667,47974.356420202,0.658174346308463,0.2902,0.0004122,0.00112666666666667,0.0055017696969697,6.23020408163265,9459.72251428571,9132.95200408163,5617.2702122449,0.000619289964230764,0.00467279153179951,0.000193639183673469,0.000132414693877551,1.32414693877551e-06
1853,35.72,6400.14734693878,1649.572,16026741.6305143,1855.612,68639018.4319927,2188.4158,12645841.5800306,0.823223459737761,0.000651511985578624,1.22394986534109,0.000286571428571428,0.25972,1.2934387755102e-07,0.23498,9.48469765684051e-08,0.023498,1.60502539891806e-07,1496.66,16092.136,59621.7893333333,58971.119149495,0.68032476178434,0.2754,0.000369,0.000894777777777778,0.0051080797979798,3.22612244897959,5495.12654693878,4806.68883265306,3495.85362485714,0.000475084714962703,0.00229155325810125,0.000144001632653061,8.01016326530612e-05,8.01016326530612e-07
1854,36.62,6761.12489795918,1808.62,21448030.3420571,2025.574,138562186.176519,2367.9272,26429870.7190363,0.828594216502232,0.000678761204812284,1.27412885622702,0.000257142857142857,0.25336,1.05544653061225e-07,0.22988,8.40300851599899e-08,0.022988,1.06154770170641e-07,1647.76,18124.272,66249.7922222222,68551.0788323232,0.690556568794014,0.27,0.0004632,0.000866355555555556,0.00488776686868687,2.5669387755102,6234.59795918367,5110.41175918367,3947.39413893878,0.000413508966587197,0.0024039801378287,0.000124643265306123,5.53730612244898e-05,5.53730612244898e-07
1855,0,0,0,0,0.01,0.125,222.0684,55245783.197832,0,0,0,0,0,0,0.001,1.25e-05,1e-04,1.25e-07,0,0,0.05,67952.496,0,0,0,5e-04,5e-05,0,0,0.005,438.937430040816,0,0,0,5e-05,5e-07
1856,0.02,0.18,0.588,526.942142857143,8.66,83200.5064763921,400.4652,78860385.2165756,0.00176470588235294,1.91306196195132e-05,7.66283524904215e-05,0.02,0.059,0.00620057397959184,0.29002,0.00397917222707231,0.029002,0.000134380592368835,0.06,5.41,246.128,83830.1936565657,0.000618556701030928,0.02,0.03375,0.160514333333333,0.0240084393939394,0.02,4.40230204081633,65.5522448979592,1702.74598873469,0.000155709342560554,2.93595220269814e-07,0.0262948979591837,0.0198641832653061,0.000198641832653061
1857,4.3,2157.57102040816,107.592,1771541.9220449,206.616,25920745.0527682,717.5038,103705526.173821,0.291180427929913,0.00757834416872024,0.0683588619873764,0.0660017959183673,0.64068,0.00146409734126531,0.53692,0.000671714380448476,0.053692,0.000142441339249748,57.02,2255.786,15350.4786666667,60863.5090080808,0.124690494788589,0.7032,0.0231066,0.0309488888888889,0.0299126626262626,8.70408163265306,3822.66605714286,5375.67933061225,4997.44864036735,0.0236977430855577,0.00299208173244369,0.0246900587755102,0.0100074628571429,0.000100074628571429
1858,18.08,5517.64734693878,502.684,8168097.37412653,661.444,57808091.9228674,1088.983,35154947.9605812,0.602687009563026,0.00334026302247505,0.419432825518006,0.00370302040816327,0.4068,3.03402648979592e-06,0.3434,1.16007556643991e-05,0.03434,5.13691625106876e-06,381.16,9853.134,36975.1697777778,30826.0884181818,0.402241847739797,0.4648,0.0026502,0.00648715555555556,0.0113975923232323,9.54448979591837,6228.48667755102,6115.25516734694,3387.50732346939,0.00371753709768154,0.00589232379347962,0.00220163265306122,0.000982448979591837,9.82448979591837e-06
1859,26.26,11144.6485714286,891.768,18013879.7463224,1071.918,72030342.2489075,1431.6878,23692952.685079,0.720366149890559,0.00269018370951464,0.760918749736333,0.00158404081632653,0.32828,9.63037755102041e-07,0.28518,1.45694347241119e-06,0.028518,1.39898887362518e-06,748.38,13117.198,46554.2313333333,28050.3367090909,0.54193299595272,0.3758,0.001313,0.00289273333333333,0.00769522484848485,9.95142857142857,10687.8405877551,9903.10517959184,4171.83856036735,0.00236401730790027,0.00872672866689617,0.000785960816326531,0.000435824081632653,4.35824081632653e-06
1860,30.16,14159.3571428571,1194.532,24918013.7895551,1392.768,119685856.17539,1733.8278,21371699.771303,0.76722493402589,0.00215405608494998,0.969397635372239,0.00122142857142857,0.29788,2.51267306122449e-07,0.26216,1.03317722348199e-06,0.026216,1.17370984425996e-06,1038.3,14980.794,55373.1173333333,38477.2211575758,0.604755919558856,0.333,0.0006302,0.00187888888888889,0.00645486262626263,7.48408163265306,12399.1487510204,10566.1597714286,6251.67755220408,0.00173501645967094,0.00770840502636267,0.000765454693877551,0.000404831020408163,4.04831020408163e-06
