run,villages-point-mean,population-point-var,population-stability-mean-5-mean,population-stability-var-5-var,population-stability-mean-10-mean,population-stability-var-10-var,population-stability-mean-100-mean,population-stability-var-100-var,population-trend-5-mean,population-trend-10-var,population-trend-100-mean,matrilocal-point-var,matrilocal-stability-mean-5-mean,matrilocal-stability-var-5-var,matrilocal-stability-mean-10-mean,matrilocal-stability-var-10-var,matrilocal-stability-mean-100-mean,matrilocal-stability-var-100-var,population-point-mean,population-stability-var-5-mean,population-stability-var-10-mean,population-stability-var-100-mean,population-trend-10-mean,matrilocal-point-mean,matrilocal-stability-var-5-mean,matrilocal-stability-var-10-mean,matrilocal-stability-var-100-mean,villages-point-var,population-stability-mean-5-var,population-stability-mean-10-var,population-stability-mean-100-var,population-trend-5-var,population-trend-100-var,matrilocal-stability-mean-5-var,matrilocal-stability-mean-10-var,matrilocal-stability-mean-100-var
1301,46.02,6962.25673469388,1504.58,1840.92285714286,1505.074,6242.66577601411,1479.8686,3042667.65888262,0.997905480727445,0.00019577876729765,1.52129073571926,0,0,0,0,0,0,0,1502.22,43.72,77.2966666666667,8909.31954949495,0.99818449749363,0,0,0,0,3.28530612244898,6978.04448979592,6947.48726938776,3812.32263269388,9.17797587880795e-05,0.00376882521700706,0,0,0
1302,46.94,5837.84857142857,1829.128,3125.31356734694,1827.958,14940.3105340892,1760.0506,10485510.9922659,1.00178374185731,0.000203587529013256,1.7284310744007,0,0,0,0,0,0,0,1830.78,44.352,110.789111111111,20188.9879090909,1.00249883999388,0,0,0,0,2.22081632653061,5799.07552653061,5683.55309795918,4580.27225473469,6.1282023217884e-05,0.00148132324631249,0,0,0
1303,47.52,5979.74040816327,2095.572,1159.76612244898,2095.712,15422.8650138574,2006.4934,17720927.3145301,0.999340798426995,0.000174276863524874,1.84175538506222,0,0,0,0,0,0,0,2095.12,46.36,121.148888888889,32090.8876222222,1.0000686170786,0,0,0,0,2.00979591836735,5833.47430204082,5809.79087346938,4616.87674534694,5.68620597259383e-05,0.000861477682626566,0,0,0
1304,47.98,4991.59346938776,2306.32,3297.33777959184,2305.072,14550.0095669438,2219.7902,19355159.3231502,1.00136089261195,0.000145285901952027,1.90042712659885,0,0,0,0,0,0,0,2307.28,43.276,130.152888888889,41096.3288868687,1.001834375185,0,0,0,0,1.44857142857143,5127.29469387755,5174.71144489797,3703.33651628571,4.15373872814679e-05,0.00105400305095629,0,0,0
1305,48.08,5361.02040816327,2482.064,3877.01936326531,2481.832,35594.3492777022,2394.2818,12132448.1280737,1.00059040142506,0.000163128134289729,1.93274188651118,0,0,0,0,0,0,0,2483.4,63.732,162.782666666667,48148.7487252525,1.00067513415808,0,0,0,0,1.13632653061225,4865.63500408163,4265.17895510204,3363.25341914286,5.36878373190183e-05,0.000883461809422449,0,0,0
1306,0,0,0,0,0,0,222.6788,65938805.5322331,0,0,0,0,0,0,0,0,0,0,0,0,0,67852.2353818182,0,0,0,0,0,0,0,0,544.698165877551,0,0,0,0,0
1307,0.1,5.19224489795918,3.336,4448.96534285714,15.84,334096.211524112,397.864,74488055.7795424,0.014375,0.000461337007500813,0.000604184937831473,0.0433673469387755,0.20868,0.0121243352979592,0.37346,0.00590899398429075,0.037346,0.000265711387223154,0.46,30.942,467.344,83453.3521616162,0.00430062111801242,0.05,0.084598,0.144601,0.0295234818181818,0.173469387755102,34.7892897959184,240.878367346939,1801.96088163265,0.00493662308673469,8.99948639814339e-06,0.0802745485714286,0.0415152330612245,0.000415152330612245
1308,12.66,5304.01469387755,249.416,644456.255759184,326.744,5714870.90893142,736.8854,128917150.163343,0.602833019850494,0.00923197612955749,0.23192205247362,0.0153520408163265,0.4122,0.000189279126367347,0.34806,9.61324546641471e-05,0.034806,2.05251321983971e-05,192.84,2251.866,8929.94088888889,50547.7666444444,0.39698911589947,0.437,0.0075804,0.0110647333333333,0.0123068975757576,18.1065306122449,5927.56545306123,6754.38333061225,3424.84090697959,0.0106320346074109,0.00730953773801876,0.00731024489795918,0.00322997591836735,3.22997591836735e-05
1309,31.74,7907.0612244898,813.176,815581.012526531,890.436,4595075.09637208,1116.378,13737320.6751151,0.856342173808193,0.00131908588932555,0.826950581116007,0.00377485714285714,0.2282,2.4767806122449e-06,0.20396,1.54792249937012e-06,0.020396,9.66076762021368e-07,750.4,2573.082,8860.81911111111,13223.774630303,0.731141389941966,0.2408,0.001329,0.00247533333333333,0.00406046666666667,9.46163265306122,7890.42390204082,7514.83745306122,4054.23084897959,0.000755529138518712,0.00628609286843362,0.0010754693877551,0.000602161632653061,6.02161632653061e-06
1310,40.7,9687.19551020408,1313.088,875743.976326531,1379.476,3815583.37557188,1474.0736,3608907.95622369,0.915700895555075,0.00072840352673473,1.2662763199606,0.000665959183673469,0.1874,1.22537795918367e-07,0.16216,1.13914238548753e-06,0.016216,1.46768341468863e-07,1256.22,2253.9,6670.77244444445,10920.4729656566,0.8413304580131,0.1856,0.0004136,0.00226124444444444,0.00261295676767677,6.41836734693878,9333.50230204082,8776.58594285714,3903.07219085714,0.000394120042945181,0.00543091658471966,0.000246081632653061,0.000189198367346939,1.89198367346939e-06
1311,44.72,8196.47714285714,1673.356,341218.688636735,1725.658,2220130.04086798,1761.6018,10955786.1213513,0.943957120890877,0.000312164761199547,1.52083297201709,0.000708612244897959,0.18112,9.49602040816326e-08,0.14714,1.26178847115142e-06,0.014714,1.94774490027507e-07,1622.82,1527.556,4282.20111111111,20815.5241878788,0.893125986592049,0.1834,0.000411,0.00278495555555556,0.00224584505050505,5.06285714285714,8158.18822857143,8046.26126122449,5512.66886812245,0.000107800344392848,0.0026632918630084,0.000342393469387755,0.000274653469387755,2.74653469387755e-06
1312,47.1,6870.43306122449,1959.468,232016.500983674,2002.326,2145233.13433736,2005.2316,13907013.8685816,0.963577912950593,0.000322463120410776,1.68325341634785,0.000456367346938776,0.16988,3.80571795918367e-07,0.12892,1.39263596069539e-06,0.012892,2.57670346863565e-07,1922.34,924.706,2969.35444444444,32424.8442585859,0.923199038389751,0.1874,0.0006242,0.00309013333333333,0.00183034666666667,2.78571428571429,6458.10222040816,5925.18033061225,4243.65688310204,0.000114389750448276,0.0017182266963277,0.000469617959183673,0.000431952653061224,4.31952653061224e-06
1313,47.64,5382.38408163265,2182.548,144548.331363265,2220.996,898432.483399143,2216.0312,13314543.2001294,0.971218767018227,0.000139367560223825,1.76919649268769,0.000572897959183673,0.16252,2.34867795918367e-07,0.12602,1.44863184126984e-06,0.012602,2.501336078563e-07,2149.94,686.208,2345.40266666667,40937.4851636364,0.937639749516002,0.1784,0.0005134,0.00279068888888889,0.00173953353535354,1.78612244897959,5106.48295510204,4871.80569795918,3657.9660352653,5.93054228006249e-05,0.000925505522747409,0.00053482612244898,0.000472591428571429,4.72591428571429e-06
1314,48.48,4433.82081632653,2390.008,100461.914922449,2423.94,776732.938639254,2412.2632,17909059.7367407,0.979944390279544,0.000107723278539117,1.82417754482847,0.000625673469387755,0.15092,2.28915142857143e-07,0.1118,1.33603953842278e-06,0.01118,2.03896848019423e-07,2365.34,444.776,1876.37733333333,49183.1507393939,0.949061268667597,0.1678,0.0005346,0.00289235555555556,0.00143625777777778,1.1934693877551,4387.62768979591,4317.05795918368,3340.79825893878,4.72602987623605e-05,0.000734208243922231,0.000635789387755102,0.000415551020408163,4.15551020408163e-06
1315,0,0,0,0,0,0,221.2932,57985283.2601312,0,0,0,0,0,0,0,0,0,0,0,0,0,68140.6874181818,0,0,0,0,0,0,0,0,434.901112,0,0,0,0,0
1316,0,0,0.592,154.933126530612,8.62,121978.67234064,394.1914,88065788.8390893,0,0,0,0,0.066,0.00906530612244898,0.30534,0.002739117432839,0.030534,0.000142575091902708,0,4.356,258.477777777778,83621.9596949495,0,0,0.046,0.166872422222222,0.0255231856565657,0,2.55177142857143,58.9608163265306,2121.24966126531,0,0,0.0222897959183673,0.0210715351020408,0.000210715351020408
1317,5.82,2810.49959183674,134.416,3228108.28483265,229.806,16994192.2356475,707.4348,118288757.155306,0.34267336102451,0.00915478988906659,0.0928072689893863,0.0437059591836735,0.58504,0.00096979778677551,0.49078,0.000446892779874528,0.049078,0.000116666317010522,76.48,2724.092,13933.8055555556,57899.271579798,0.168140033078081,0.6796,0.0178864,0.0233796222222222,0.0249267056565657,13.0077551020408,4582.15647346939,5965.14628979592,4066.13559689796,0.022410727118445,0.00408384317051989,0.0197843657142857,0.0101521751020408,0.000101521751020408
1318,24.08,11129.8775510204,628.288,4916030.86390204,755.092,18911357.9609421,1088.2488,35411614.7196724,0.716137787969645,0.00380176156404671,0.58414349911111,0.00400248979591837,0.31968,5.68471955102041e-06,0.27936,3.24657658049887e-06,0.027936,3.02953799431645e-06,527.6,6782.576,23706.0226666667,22036.5686060606,0.533346963454879,0.3634,0.0023378,0.00359275555555556,0.00750320686868687,20.1567346938776,11058.441077551,11012.6399346939,5164.00446791837,0.00289865463626299,0.0111602479533343,0.00144414040816327,0.000918888163265306,9.18888163265306e-06
1319,33.62,9292.37755102041,1119.076,3435835.24643265,1248.53,19952592.3366682,1463.7356,8096486.96848278,0.823681762927157,0.00128074353057808,1.0201291924553,0.00108424489795918,0.23572,9.87878571428571e-07,0.2158,6.27085843285462e-07,0.02158,2.92997860020781e-07,1011.3,7354.236,24588.7028888889,16632.9432484848,0.686459890241781,0.2688,0.001485,0.00166248888888889,0.00440056808080808,5.66897959183673,8529.8381877551,7666.0331632653,4258.21089453061,0.000721416681458893,0.00608518272198189,0.000403756734693878,0.000177673469387755,1.77673469387755e-06
1320,37.06,7229.14285714286,1458.952,2912261.40384082,1588.14,15391715.0045541,1752.2002,12619466.6058628,0.860375618106705,0.000471527080458801,1.26216255431399,0.000959183673469388,0.20572,8.15275755102041e-07,0.19226,5.66956170823885e-07,0.019226,1.99144687541713e-07,1352.6,7530.606,24410.6595555556,25467.8951252525,0.748271212245752,0.236,0.0012624,0.00155282222222222,0.00351540747474748,3.40448979591837,6780.71928163265,6507.50081632653,4721.80076118367,0.000347897922893975,0.00324306343688048,0.000321797551020408,0.000155869795918367,1.55869795918367e-06
