run,villages-point-mean,population-point-var,population-stability-mean-5-mean,population-stability-var-5-var,population-stability-mean-10-mean,population-stability-var-10-var,population-stability-mean-100-mean,population-stability-var-100-var,population-trend-5-mean,population-trend-10-var,population-trend-100-mean,matrilocal-point-var,matrilocal-stability-mean-5-mean,matrilocal-stability-var-5-var,matrilocal-stability-mean-10-mean,matrilocal-stability-var-10-var,matrilocal-stability-mean-100-mean,matrilocal-stability-var-100-var,population-point-mean,population-stability-var-5-mean,population-stability-var-10-mean,population-stability-var-100-mean,population-trend-10-mean,matrilocal-point-mean,matrilocal-stability-var-5-mean,matrilocal-stability-var-10-mean,matrilocal-stability-var-100-mean,villages-point-var,population-stability-mean-5-var,population-stability-mean-10-var,population-stability-mean-100-var,population-trend-5-var,population-trend-100-var,matrilocal-stability-mean-5-var,matrilocal-stability-mean-10-var,matrilocal-stability-mean-100-var
2181,4.62,1925.4693877551,116.88,4410227.9615551,217.656,27644228.8214333,724.4922,84891564.3716289,0.30451726692249,0.00675231283002004,0.0732899925735444,0.058083306122449,0.61496,0.00337655797959184,0.51806,0.000803986195628622,0.051806,0.000107890292548691,61.2,2623.126,15777.2368888889,60145.7175090909,0.13446393192514,0.6806,0.023666,0.0261161111111111,0.0274934737373737,6.8934693877551,4188.58448979592,5652.32700408163,4146.55429097959,0.0193913577812047,0.00262932217027777,0.01609408,0.00808769020408163,8.08769020408163e-05
2182,18.96,6179.53020408163,524.116,10670983.1285878,684.814,74221636.3945377,1109.8542,38624557.8854457,0.618263968909943,0.00399729527861388,0.444122440509685,0.00445636734693878,0.39916,2.69679657142857e-06,0.33856,7.1271505648778e-06,0.033856,4.19835410310135e-06,403.98,9765.472,37621.9762222222,29960.5756626263,0.416297405665696,0.4574,0.0023844,0.00581782222222222,0.0110266711111111,11.7126530612245,6631.09075918367,6357.33551428571,3627.49493506122,0.00356219865957145,0.00666107182345407,0.00166058612244898,0.000870088163265306,8.70088163265306e-06
2183,26.62,8752.32653061225,917.924,18148618.7475755,1097.442,105320608.723029,1448.1664,20346844.1528656,0.726890499595564,0.00241144841584257,0.781125918279656,0.0018734693877551,0.32216,1.77646628571429e-06,0.28016,2.74588366641472e-06,0.028016,1.21381065364909e-06,773.4,13129.524,46466.3046666667,27255.1946949495,0.552103749236082,0.372,0.0013248,0.00278537777777778,0.00741972161616162,8.60775510204082,7527.70920816327,6909.86575102041,3494.12037044898,0.00224408357215981,0.00711165954992844,0.000699075918367347,0.000348912653061224,3.48912653061225e-06
2184,30.2,9833.10204081633,1197.476,14280502.5933224,1393.846,106001765.927658,1732.4284,27559231.1692316,0.767102265109132,0.00176490146843185,0.974122230857072,0.000783673469387755,0.29624,1.57205102040816e-07,0.26114,3.50901487024439e-07,0.026114,5.5559326617488e-07,1039.8,15353.588,54807.1202222222,38562.5647555556,0.605531811694995,0.332,0.000661,0.00180348888888889,0.00638237717171717,6.04081632653061,9054.60716734694,7263.98171836735,4089.10465861225,0.00114221554419313,0.00588326934483663,0.00037088,0.000212816734693878,2.12816734693878e-06
2185,31.76,8937.50571428572,1388.092,14089685.5666286,1596.798,117008811.18854,1949.3534,24570370.0038543,0.79406877209105,0.0010383451465947,1.08369941657783,0.000457795918367347,0.28572,7.71518775510204e-08,0.25394,1.51584996220711e-07,0.025394,3.11499936917099e-07,1230.62,15386.248,60561.9575555556,50024.6598282828,0.637590620443852,0.3144,0.0004154,0.00141788888888889,0.00600287171717172,4.96163265306122,7946.04605714286,7200.85244489796,4309.69599840816,0.000735503356755248,0.00429839851201348,0.000223022040816326,0.000130792244897959,1.30792244897959e-06
2186,33.4,7396.66163265306,1579.956,13310680.0844898,1799.268,106250807.888314,2167.485,29286877.0967808,0.810768485386814,0.000689588007271498,1.16423818174317,0.00029730612244898,0.27436,3.30561632653061e-08,0.24588,6.14032028218695e-08,0.024588,2.21864262381223e-07,1412.46,16490.42,66658.4555555556,61922.8849272727,0.657033873022271,0.2992,0.0002936,0.00112084444444444,0.00560702585858586,4.44897959183673,6490.78577959184,5815.49201632653,5035.72213979592,0.000418601265465954,0.00261714019177762,0.000153582040816326,0.000101495510204082,1.01495510204082e-06
2187,33.92,7466.36897959184,1708.936,16631230.3465959,1939.578,100283041.742823,2332.9558,30811354.2028261,0.816896660640307,0.000580210508656961,1.2018276439114,0.000303061224489796,0.273,3.32908163265306e-08,0.2445,8.74572239858906e-08,0.02445,2.15042786678619e-07,1537.28,17934.556,73145.7504444445,71652.1429555556,0.667091891966829,0.295,0.000249,0.00108851111111111,0.00554202282828283,3.95265306122449,6419.30520816326,6187.58011836735,4890.38644934694,0.000427035081265237,0.0022985561019868,0.00016265306122449,9.53979591836735e-05,9.53979591836735e-07
2188,0,0,0,0,0,0,219.5396,55147234.9984094,0,0,0,0,0,0,0,0,0,0,0,0,0,68003.1095959596,0,0,0,0,0,0,0,0,312.384828408163,0,0,0,0,0
2189,0,0,0.148,13.2461224489796,7.176,99884.5926280675,399.847,55150942.6488741,0,0,0,0,0.028,0.00489795918367347,0.27552,0.00461657330557017,0.027552,0.000181049215014516,0,0.82,225.863555555556,84990.1171333333,0,0,0.02,0.165023644444444,0.0239943967676768,0,0.349077551020408,47.5100244897959,1666.0604377551,0,0,0.0114448979591837,0.023472907755102,0.00023472907755102
2190,4.04,2044.37591836735,102.64,2046620.49116735,200.48,31510842.9853968,711.2842,76002880.8274736,0.270579297207798,0.00689808383962953,0.0623426626307229,0.0845357142857143,0.64764,0.00282599685289796,0.53538,0.000854660858890905,0.053538,0.000109532064607,51.54,2231.284,14834.1488888889,60356.5708181818,0.116867974416739,0.707,0.0326004,0.0348642444444444,0.0298911113131313,9.26367346938775,3459.92163265306,4990.79142857143,4694.73420444898,0.0240094978056523,0.00279961409701463,0.0183764391836735,0.00745534244897959,7.45534244897959e-05
2191,18.46,8544.92081632653,508.7,10579849.633098,665.768,53016963.3680826,1093.121,38315723.0542057,0.600827782536227,0.00493184990895873,0.424465043110258,0.00641371428571429,0.40636,1.40897977142857e-05,0.34132,4.79290849160998e-05,0.034132,9.95264432064766e-06,385.24,9937.658,36042.16,30650.2525959596,0.406455827002454,0.4784,0.0036768,0.0072616,0.0113845236363636,13.7228571428571,9414.75469387755,8712.94507755102,5242.30805,0.00437935008572215,0.00849811813542777,0.00350950040816327,0.00149879346938776,1.49879346938776e-05
2192,26.58,8682.94897959184,903.336,9298156.63987347,1084.718,76098170.1750809,1450.9284,24288290.967688,0.721425585353512,0.00180648127830509,0.764611893548258,0.00163057142857143,0.32532,1.01312016326531e-06,0.2826,1.41278709196271e-06,0.02826,1.00783906179936e-06,760.3,13281.882,47283.8082222222,28740.6825454546,0.545097451777021,0.3702,0.0012032,0.00280324444444444,0.00754268404040404,7.96285714285714,8803.4341877551,7981.33783265306,4551.77587085714,0.00150532394281789,0.00652588736426871,0.000636671020408164,0.000309714285714286,3.09714285714286e-06
2193,30.26,7002.33020408163,1195.672,14624752.2144653,1392.128,71611647.9535166,1731.6734,18608997.5037253,0.769982817937623,0.00119412455070238,0.971485352716509,0.000743877551020408,0.29404,1.76555755102041e-07,0.25924,2.93413164021164e-07,0.025924,3.8481289004429e-07,1039.42,14691.532,54309.1573333333,38286.7087818182,0.607453359046914,0.329,0.0006256,0.00175391111111111,0.00628223555555556,5.54326530612245,6119.59471020408,5245.54083265306,3497.74187595918,0.00101565679380352,0.00405136358981201,0.000268161632653061,0.000148267755102041,1.48267755102041e-06
2194,32.2,8780.45265306122,1410.192,16395780.9735347,1617.496,107808724.423028,1964.0604,28110099.5532492,0.793914977359616,0.00103360401882442,1.09529870147224,0.000589224489795919,0.28208,1.16201795918367e-07,0.25102,2.62208984126984e-07,0.025102,2.97672598984652e-07,1248.42,16104.644,60226.22,50549.3557818182,0.640058983257485,0.3116,0.0004332,0.00137753333333333,0.0058646503030303,6.08163265306123,7580.57952653061,6727.25712653061,3851.78706922449,0.000671005902223833,0.00438264769997452,0.000228891428571428,0.000125081224489796,1.25081224489796e-06
2195,33.14,10415.2473469388,1567.588,18452589.9865306,1788.158,123752826.353123,2158.5312,24756932.9679007,0.80689438037357,0.000899657374644561,1.15705033865531,0.000473632653061225,0.27748,4.85487346938776e-08,0.24768,1.29669337364575e-07,0.024768,3.31765119877397e-07,1401.24,17035.94,67297.2877777778,62386.4090585859,0.655103398554944,0.3028,0.0003268,0.00122622222222222,0.00570132929292929,5.42897959183673,10049.7329142857,9106.5000367347,5570.25434546939,0.000534455249366931,0.00365713175970022,0.000230009795918367,0.000145936326530612,1.45936326530612e-06
2196,34.36,8655.47918367347,1717.036,17566495.1410163,1941.324,84112640.7446261,2340.2892,44007377.9575494,0.820385917318158,0.000637595058014882,1.20575752252048,0.000242285714285714,0.2704,2.62638367346939e-08,0.24314,5.6820136558327e-08,0.024314,2.02997619969682e-07,1548.52,17569.802,69927.792,72137.5297212121,0.671926468367057,0.2916,0.0002512,0.0010074,0.00547430363636364,3.78612244897959,7983.3235755102,7514.55737142857,5737.06034628572,0.000433227793604842,0.00334847752342502,0.000146612244897959,9.4775918367347e-05,9.47759183673469e-07
2197,49.82,8200.23020408163,2153.576,167209.555510204,2190.866,1087116.42694931,3482.68,6152862005.88861,0.972589257745631,0.000200888938418495,0.308396740321324,0,0,0,0,0,0,0,2123.12,633.22,2202.58422222222,1481659.3981899,0.940217293962558,0,0,0,0,0.232244897959184,8309.2288,8421.23086122449,2740.38550204082,8.72442813715125e-05,0.000171788536741633,0,0,0
2198,50,8585.85673469388,4537.636,76281.7621265306,4549.884,635804.527817788,5281.8346,4121211752.60734,0.996613066632157,0.000127317062377992,0.582477693492213,0,0,0,0,0,0,0,4529.98,188.254,589.959111111111,672992.535662626,0.991012137141836,0,0,0,0,0,9025.36765714284,9503.75443265307,3273.68462942857,4.31026661256107e-05,0.000159485387265999,0,0,0
2199,50,10188.3608163265,6665.04,168386.62197551,6669.602,472643.033560141,7018.741,903505728.790216,0.998724716269219,0.000106784942331698,0.769659949191829,0,0,0,0,0,0,0,6660.08,290.308,707.509555555556,234508.177541414,0.997153776654464,0,0,0,0,0,9702.31836734694,8656.03775102041,3030.11484999999,3.7900653839174e-05,0.000138757198406016,0,0,0
2200,50,7802.16326530612,8412.612,156788.622955102,8414.776,856723.81817808,8558.9066,214751240.915602,0.998805308079927,9.63433955862342e-05,0.883048863350451,0,0,0,0,0,0,0,8408.2,365.648,953.081333333333,69617.0729313131,0.999560534098024,0,0,0,0,0,7501.0602612245,7375.01696326531,2531.70783106123,2.92951144648171e-05,9.21842309318857e-05,0,0,0
